chrY	2782000	2782400	2	4	0.0929910451760756	1.87475341353	0.10522131489431037
chrY	2789000	2789400	2	4	0.0929910451760756	1.87475341353	0.10522131489431037
chrY	2870000	2870800	3	5	0.046512567755971006	2.24970409624	0.0943733258816803
chrY	2871600	2872000	2	4	0.0929910451760756	1.87475341353	0.10522131489431037
chrY	2874600	2875200	2	3	0.04743772693596257	2.49967121804	0.0720454629993909
chrY	2876800	2877400	2	3	0.04743772693596257	2.49967121804	0.0720454629993909
chrY	2900800	2901600	2	4	0.0929910451760756	1.87475341353	0.10522131489431037
chrX	10913400	10914200	2	2	0.017047521171006053	3.74950682706	0.06162718920974019
chrX	71032800	71033200	2	2	0.017047521171006053	3.74950682706	0.06162718920974019
chrX	79931200	79931400	2	1	0.0025920524499572013	7.49901365412	0.0399176077293409
chrX	91367800	91368800	2	2	0.017047521171006053	3.74950682706	0.06162718920974019
chrX	92065000	92065800	2	4	0.0929910451760756	1.87475341353	0.10522131489431037
chrX	106028400	106029400	2	2	0.017047521171006053	3.74950682706	0.06162718920974019
chr13	13837000	13837600	2	2	0.017047521171006053	3.74950682706	0.06162718920974019
chr13	20182600	20183000	2	5	0.15067253715071596	1.49980273082	0.15741906866492714
chr13	20574200	20574800	2	2	0.017047521171006053	3.74950682706	0.06162718920974019
chr13	23713800	23714200	2	2	0.017047521171006053	3.74950682706	0.06162718920974019
chr13	24507400	24508400	2	5	0.15067253715071596	1.49980273082	0.15741906866492714
chr13	32826200	32826800	2	1	0.0025920524499572013	7.49901365412	0.0399176077293409
chr13	33168400	33169200	2	4	0.0929910451760756	1.87475341353	0.10522131489431037
chr13	38726600	38727000	2	2	0.017047521171006053	3.74950682706	0.06162718920974019
chr13	41345400	41345600	2	2	0.017047521171006053	3.74950682706	0.06162718920974019
chr13	41478000	41478200	2	1	0.0025920524499572013	7.49901365412	0.0399176077293409
chr13	42190800	42191600	2	3	0.04743772693596257	2.49967121804	0.0720454629993909
chr13	46059200	46059400	2	1	0.0025920524499572013	7.49901365412	0.0399176077293409
chr13	47297600	47298000	2	2	0.017047521171006053	3.74950682706	0.06162718920974019
chr13	50842600	50843000	2	2	0.017047521171006053	3.74950682706	0.06162718920974019
chr13	51196600	51196800	2	0	1.913260799460412e-09	886.087218071	1.636900906205019e-07
chr13	54788600	54789600	2	7	0.2873555686405686	1.07128766487	0.2911365629647866
chr13	55789200	55789400	2	0	1.913260799460412e-09	886.087218071	1.636900906205019e-07
chr13	61149000	61149400	2	2	0.017047521171006053	3.74950682706	0.06162718920974019
chr13	64254200	64254600	2	3	0.04743772693596257	2.49967121804	0.0720454629993909
chr13	65214400	65214600	2	1	0.0025920524499572013	7.49901365412	0.0399176077293409
chr13	70755800	70756800	2	2	0.017047521171006053	3.74950682706	0.06162718920974019
chr13	93441000	93441400	2	3	0.04743772693596257	2.49967121804	0.0720454629993909
chr13	94634800	94635200	2	2	0.017047521171006053	3.74950682706	0.06162718920974019
chr13	98011000	98011600	2	3	0.04743772693596257	2.49967121804	0.0720454629993909
chr13	101209400	101210000	2	1	0.0025920524499572013	7.49901365412	0.0399176077293409
chr13	110612600	110613600	2	3	0.04743772693596257	2.49967121804	0.0720454629993909
chr13	112598200	112599200	3	5	0.046512567755971006	2.24970409624	0.0943733258816803
chr12	3109800	3110200	10	49	1	0.76520547491	1
chr12	3309400	3309800	2	3	0.04743772693596257	2.49967121804	0.0720454629993909
chr12	4233800	4234600	2	3	0.04743772693596257	2.49967121804	0.0720454629993909
chr12	4433000	4434000	2	2	0.017047521171006053	3.74950682706	0.06162718920974019
chr12	8238200	8239000	2	2	0.017047521171006053	3.74950682706	0.06162718920974019
chr12	15820800	15821600	2	2	0.017047521171006053	3.74950682706	0.06162718920974019
chr12	15823200	15823400	2	1	0.0025920524499572013	7.49901365412	0.0399176077293409
chr12	17551000	17552200	4	7	0.041443208308275345	2.14257532975	0.08683338883638643
chr12	25292600	25293400	2	2	0.017047521171006053	3.74950682706	0.06162718920974019
chr12	29436400	29437400	2	4	0.0929910451760756	1.87475341353	0.10522131489431037
chr12	32339800	32340000	2	2	0.017047521171006053	3.74950682706	0.06162718920974019
chr12	32634200	32634800	2	4	0.0929910451760756	1.87475341353	0.10522131489431037
chr12	36939000	36939800	2	2	0.017047521171006053	3.74950682706	0.06162718920974019
chr12	55811200	55812000	2	3	0.04743772693596257	2.49967121804	0.0720454629993909
chr12	55963600	55964000	2	3	0.04743772693596257	2.49967121804	0.0720454629993909
chr12	56086400	56087800	3	4	0.023360804040771097	2.8121301203	0.05102927407487587
chr12	58331400	58331800	2	3	0.04743772693596257	2.49967121804	0.0720454629993909
chr12	60317600	60318200	2	2	0.017047521171006053	3.74950682706	0.06162718920974019
chr12	60320200	60320800	3	5	0.046512567755971006	2.24970409624	0.0943733258816803
chr12	66583600	66584200	2	3	0.04743772693596257	2.49967121804	0.0720454629993909
chr12	75009200	75010000	4	7	0.041443208308275345	2.14257532975	0.08683338883638643
chr12	77470000	77471000	3	5	0.046512567755971006	2.24970409624	0.0943733258816803
chr12	80051400	80051600	2	1	0.0025920524499572013	7.49901365412	0.0399176077293409
chr12	81216400	81217000	2	2	0.017047521171006053	3.74950682706	0.06162718920974019
chr12	83101000	83101600	2	2	0.017047521171006053	3.74950682706	0.06162718920974019
chr12	83270800	83271000	2	2	0.017047521171006053	3.74950682706	0.06162718920974019
chr12	85144400	85145200	2	3	0.04743772693596257	2.49967121804	0.0720454629993909
chr12	87582800	87583200	2	3	0.04743772693596257	2.49967121804	0.0720454629993909
chr12	99506800	99507600	2	3	0.04743772693596257	2.49967121804	0.0720454629993909
chr12	102321200	102321600	2	3	0.04743772693596257	2.49967121804	0.0720454629993909
chr12	105990000	105991000	2	2	0.017047521171006053	3.74950682706	0.06162718920974019
chr12	109209800	109210200	2	3	0.04743772693596257	2.49967121804	0.0720454629993909
chr12	112399600	112400200	2	2	0.017047521171006053	3.74950682706	0.06162718920974019
chr12	114662600	114663400	2	3	0.04743772693596257	2.49967121804	0.0720454629993909
chr12	117643800	117645200	3	7	0.11969506690475237	1.60693149731	0.12765263367958354
chr12	118674600	118675000	2	2	0.017047521171006053	3.74950682706	0.06162718920974019
chr11	3031600	3032200	2	2	0.017047521171006053	3.74950682706	0.06162718920974019
chr11	3057800	3060600	5	8	0.021882725890694867	2.34344176691	0.04941260684995615
chr11	3063600	3064400	2	2	0.017047521171006053	3.74950682706	0.06162718920974019
chr11	3070800	3071200	2	2	0.017047521171006053	3.74950682706	0.06162718920974019
chr11	4059400	4060000	2	2	0.017047521171006053	3.74950682706	0.06162718920974019
chr11	4323600	4323800	2	2	0.017047521171006053	3.74950682706	0.06162718920974019
chr11	4494400	4494800	2	6	0.21669589720447616	1.24983560902	0.2217353366743477
chr11	5421800	5422600	2	5	0.15067253715071596	1.49980273082	0.15741906866492714
chr11	11463200	11464200	2	3	0.04743772693596257	2.49967121804	0.0720454629993909
chr11	16851400	16851600	2	2	0.017047521171006053	3.74950682706	0.06162718920974019
chr11	17157800	17158200	2	3	0.04743772693596257	2.49967121804	0.0720454629993909
chr11	22745800	22746200	2	1	0.0025920524499572013	7.49901365412	0.0399176077293409
chr11	22758600	22759600	2	4	0.0929910451760756	1.87475341353	0.10522131489431037
chr11	29593200	29593600	2	2	0.017047521171006053	3.74950682706	0.06162718920974019
chr11	30090200	30091000	2	3	0.04743772693596257	2.49967121804	0.0720454629993909
chr11	34593200	34594200	2	3	0.04743772693596257	2.49967121804	0.0720454629993909
chr11	43495600	43496200	2	6	0.21669589720447616	1.24983560902	0.2217353366743477
chr11	45006200	45007200	2	2	0.017047521171006053	3.74950682706	0.06162718920974019
chr11	45666200	45667200	3	4	0.023360804040771097	2.8121301203	0.05102927407487587
chr11	46125200	46125600	2	3	0.04743772693596257	2.49967121804	0.0720454629993909
chr11	48630200	48630800	2	5	0.15067253715071596	1.49980273082	0.15741906866492714
chr11	50105400	50105800	3	6	0.0788424955500044	1.87475341353	0.09567962422931976
chr11	51813400	51813600	2	1	0.0025920524499572013	7.49901365412	0.0399176077293409
chr11	51912400	51912800	2	4	0.0929910451760756	1.87475341353	0.10522131489431037
chr11	53588800	53589800	2	2	0.017047521171006053	3.74950682706	0.06162718920974019
chr11	59623200	59623600	2	5	0.15067253715071596	1.49980273082	0.15741906866492714
chr11	63306800	63307000	2	0	1.913260799460412e-09	886.087218071	1.636900906205019e-07
chr11	64792600	64793000	2	2	0.017047521171006053	3.74950682706	0.06162718920974019
chr11	69804600	69805000	2	2	0.017047521171006053	3.74950682706	0.06162718920974019
chr11	70264800	70265600	2	4	0.0929910451760756	1.87475341353	0.10522131489431037
chr11	71852800	71853200	2	3	0.04743772693596257	2.49967121804	0.0720454629993909
chr11	72115800	72117200	3	6	0.0788424955500044	1.87475341353	0.09567962422931976
chr11	74369400	74370200	2	3	0.04743772693596257	2.49967121804	0.0720454629993909
chr11	74521600	74522000	2	3	0.04743772693596257	2.49967121804	0.0720454629993909
chr11	74739000	74739400	2	3	0.04743772693596257	2.49967121804	0.0720454629993909
chr11	75748600	75749200	2	2	0.017047521171006053	3.74950682706	0.06162718920974019
chr11	78944000	78945000	2	2	0.017047521171006053	3.74950682706	0.06162718920974019
chr11	80242600	80243400	2	3	0.04743772693596257	2.49967121804	0.0720454629993909
chr11	80318200	80318600	2	2	0.017047521171006053	3.74950682706	0.06162718920974019
chr11	82577800	82578200	2	2	0.017047521171006053	3.74950682706	0.06162718920974019
chr11	86399600	86400400	2	2	0.017047521171006053	3.74950682706	0.06162718920974019
chr11	86440800	86441600	2	3	0.04743772693596257	2.49967121804	0.0720454629993909
chr11	86570600	86571600	2	2	0.017047521171006053	3.74950682706	0.06162718920974019
chr11	88390000	88390800	2	2	0.017047521171006053	3.74950682706	0.06162718920974019
chr11	88459600	88460600	2	2	0.017047521171006053	3.74950682706	0.06162718920974019
chr11	89327400	89327800	2	3	0.04743772693596257	2.49967121804	0.0720454629993909
chr11	95171200	95171800	2	2	0.017047521171006053	3.74950682706	0.06162718920974019
chr11	97856400	97856600	2	1	0.0025920524499572013	7.49901365412	0.0399176077293409
chr11	98406600	98407400	2	3	0.04743772693596257	2.49967121804	0.0720454629993909
chr11	100721000	100722000	2	2	0.017047521171006053	3.74950682706	0.06162718920974019
chr11	102889000	102889400	2	2	0.017047521171006053	3.74950682706	0.06162718920974019
chr11	102993800	102994800	2	4	0.0929910451760756	1.87475341353	0.10522131489431037
chr11	103032400	103032800	2	6	0.21669589720447616	1.24983560902	0.2217353366743477
chr11	103558800	103559200	2	4	0.0929910451760756	1.87475341353	0.10522131489431037
chr11	105772000	105772800	2	2	0.017047521171006053	3.74950682706	0.06162718920974019
chr11	106020800	106021400	2	3	0.04743772693596257	2.49967121804	0.0720454629993909
chr11	106133800	106134800	3	4	0.023360804040771097	2.8121301203	0.05102927407487587
chr11	106248600	106249400	2	3	0.04743772693596257	2.49967121804	0.0720454629993909
chr11	106527800	106528600	2	3	0.04743772693596257	2.49967121804	0.0720454629993909
chr11	109333000	109333800	2	2	0.017047521171006053	3.74950682706	0.06162718920974019
chr11	109334600	109335400	2	5	0.15067253715071596	1.49980273082	0.15741906866492714
chr11	111780600	111781200	2	4	0.0929910451760756	1.87475341353	0.10522131489431037
chr11	115493000	115493400	2	1	0.0025920524499572013	7.49901365412	0.0399176077293409
chr11	116295600	116296000	2	3	0.04743772693596257	2.49967121804	0.0720454629993909
chr11	116704200	116704400	2	2	0.017047521171006053	3.74950682706	0.06162718920974019
chr11	117212200	117212400	3	2	0.002209974386246133	5.62426024059	0.08103239416235822
chr11	117516600	117517400	2	3	0.04743772693596257	2.49967121804	0.0720454629993909
chr11	118082400	118083400	2	3	0.04743772693596257	2.49967121804	0.0720454629993909
chr11	118097800	118098400	2	3	0.04743772693596257	2.49967121804	0.0720454629993909
chr11	121198000	121198400	2	2	0.017047521171006053	3.74950682706	0.06162718920974019
chr10	6221600	6222600	2	3	0.04743772693596257	2.49967121804	0.0720454629993909
chr10	6266600	6267400	2	2	0.017047521171006053	3.74950682706	0.06162718920974019
chr10	17443200	17444200	3	7	0.11969506690475237	1.60693149731	0.12765263367958354
chr10	19297600	19298600	2	3	0.04743772693596257	2.49967121804	0.0720454629993909
chr10	20745600	20746600	2	2	0.017047521171006053	3.74950682706	0.06162718920974019
chr10	21016000	21016400	2	2	0.017047521171006053	3.74950682706	0.06162718920974019
chr10	26044600	26045400	2	2	0.017047521171006053	3.74950682706	0.06162718920974019
chr10	29081400	29081800	2	1	0.0025920524499572013	7.49901365412	0.0399176077293409
chr10	30337800	30338200	2	3	0.04743772693596257	2.49967121804	0.0720454629993909
chr10	34137800	34138400	2	4	0.0929910451760756	1.87475341353	0.10522131489431037
chr10	38891600	38891800	2	1	0.0025920524499572013	7.49901365412	0.0399176077293409
chr10	39088600	39089600	2	2	0.017047521171006053	3.74950682706	0.06162718920974019
chr10	39132800	39133600	2	2	0.017047521171006053	3.74950682706	0.06162718920974019
chr10	39175400	39176200	2	4	0.0929910451760756	1.87475341353	0.10522131489431037
chr10	39190400	39191600	3	7	0.11969506690475237	1.60693149731	0.12765263367958354
chr10	39207000	39208000	2	3	0.04743772693596257	2.49967121804	0.0720454629993909
chr10	42579200	42580200	2	3	0.04743772693596257	2.49967121804	0.0720454629993909
chr10	44167600	44168600	3	6	0.0788424955500044	1.87475341353	0.09567962422931976
chr10	44800200	44800800	2	2	0.017047521171006053	3.74950682706	0.06162718920974019
chr10	45558200	45558800	2	1	0.0025920524499572013	7.49901365412	0.0399176077293409
chr10	53316200	53317200	3	6	0.0788424955500044	1.87475341353	0.09567962422931976
chr10	56302400	56303200	2	3	0.04743772693596257	2.49967121804	0.0720454629993909
chr10	57909000	57910000	2	6	0.21669589720447616	1.24983560902	0.2217353366743477
chr10	59052400	59053000	2	2	0.017047521171006053	3.74950682706	0.06162718920974019
chr10	59813600	59814400	2	2	0.017047521171006053	3.74950682706	0.06162718920974019
chr10	62113800	62114000	2	1	0.0025920524499572013	7.49901365412	0.0399176077293409
chr10	74779200	74779400	2	2	0.017047521171006053	3.74950682706	0.06162718920974019
chr10	74782800	74783200	2	4	0.0929910451760756	1.87475341353	0.10522131489431037
chr10	77647400	77648200	2	2	0.017047521171006053	3.74950682706	0.06162718920974019
chr10	79502000	79502200	2	2	0.017047521171006053	3.74950682706	0.06162718920974019
chr10	80131800	80132800	2	3	0.04743772693596257	2.49967121804	0.0720454629993909
chr10	80204600	80205000	2	2	0.017047521171006053	3.74950682706	0.06162718920974019
chr10	80521600	80522600	2	2	0.017047521171006053	3.74950682706	0.06162718920974019
chr10	80569000	80570200	3	6	0.0788424955500044	1.87475341353	0.09567962422931976
chr10	80840000	80841000	2	2	0.017047521171006053	3.74950682706	0.06162718920974019
chr10	80960800	80961200	2	3	0.04743772693596257	2.49967121804	0.0720454629993909
chr10	87665600	87666400	3	3	0.009083892962708765	3.74950682706	0.08529997050348474
chr10	88047000	88047800	2	3	0.04743772693596257	2.49967121804	0.0720454629993909
chr10	88363800	88364400	2	2	0.017047521171006053	3.74950682706	0.06162718920974019
chr10	90586200	90586600	2	3	0.04743772693596257	2.49967121804	0.0720454629993909
chr10	98589400	98590200	2	2	0.017047521171006053	3.74950682706	0.06162718920974019
chr10	116365800	116366000	2	1	0.0025920524499572013	7.49901365412	0.0399176077293409
chr10	116585200	116585600	2	4	0.0929910451760756	1.87475341353	0.10522131489431037
chr10	117113200	117113600	2	1	0.0025920524499572013	7.49901365412	0.0399176077293409
chr10	117137200	117138200	2	2	0.017047521171006053	3.74950682706	0.06162718920974019
chr10	122117000	122117600	2	2	0.017047521171006053	3.74950682706	0.06162718920974019
chr10	122175600	122176000	2	2	0.017047521171006053	3.74950682706	0.06162718920974019
chr10	123760800	123761800	2	2	0.017047521171006053	3.74950682706	0.06162718920974019
chr10	127586800	127587200	2	2	0.017047521171006053	3.74950682706	0.06162718920974019
chr10	128002600	128003200	2	2	0.017047521171006053	3.74950682706	0.06162718920974019
chr17	3081400	3081800	2	2	0.017047521171006053	3.74950682706	0.06162718920974019
chr17	3114600	3115200	2	3	0.04743772693596257	2.49967121804	0.0720454629993909
chr17	3556800	3557200	2	3	0.04743772693596257	2.49967121804	0.0720454629993909
chr17	6946200	6947200	2	3	0.04743772693596257	2.49967121804	0.0720454629993909
chr17	7165200	7165800	2	2	0.017047521171006053	3.74950682706	0.06162718920974019
chr17	7351600	7352400	2	3	0.04743772693596257	2.49967121804	0.0720454629993909
chr17	8358600	8359000	2	3	0.04743772693596257	2.49967121804	0.0720454629993909
chr17	12521200	12521400	2	2	0.017047521171006053	3.74950682706	0.06162718920974019
chr17	14590200	14590600	2	3	0.04743772693596257	2.49967121804	0.0720454629993909
chr17	24551000	24551200	2	0	1.913260799460412e-09	886.087218071	1.636900906205019e-07
chr17	25321000	25321800	2	4	0.0929910451760756	1.87475341353	0.10522131489431037
chr17	26645400	26646400	2	6	0.21669589720447616	1.24983560902	0.2217353366743477
chr17	27694000	27694400	2	2	0.017047521171006053	3.74950682706	0.06162718920974019
chr17	27771600	27772000	2	3	0.04743772693596257	2.49967121804	0.0720454629993909
chr17	28622000	28623000	2	5	0.15067253715071596	1.49980273082	0.15741906866492714
chr17	28725800	28726200	2	3	0.04743772693596257	2.49967121804	0.0720454629993909
chr17	29379200	29380000	2	2	0.017047521171006053	3.74950682706	0.06162718920974019
chr17	29400000	29400800	2	2	0.017047521171006053	3.74950682706	0.06162718920974019
chr17	29686600	29687000	2	3	0.04743772693596257	2.49967121804	0.0720454629993909
chr17	30334400	30334600	2	2	0.017047521171006053	3.74950682706	0.06162718920974019
chr17	33897000	33897800	3	5	0.046512567755971006	2.24970409624	0.0943733258816803
chr17	34137400	34137800	2	4	0.0929910451760756	1.87475341353	0.10522131489431037
chr17	34257600	34259200	4	8	0.06551232161145086	1.87475341353	0.08058224862750346
chr17	34986800	34987600	2	3	0.04743772693596257	2.49967121804	0.0720454629993909
chr17	35365800	35366400	2	2	0.017047521171006053	3.74950682706	0.06162718920974019
chr17	35378800	35379000	2	1	0.0025920524499572013	7.49901365412	0.0399176077293409
chr17	36116200	36116600	2	5	0.15067253715071596	1.49980273082	0.15741906866492714
chr17	39980400	39983000	8	28	0.33359502809847214	1.07128766487	0.33709733810475534
chr17	39985200	39985400	2	2	0.017047521171006053	3.74950682706	0.06162718920974019
chr17	45584200	45584600	2	0	1.5280202006533562e-08	443.043609036	6.359867862178834e-07
chr17	45709200	45709400	2	0	1.913260799460412e-09	886.087218071	1.636900906205019e-07
chr17	45997200	45998200	2	3	0.04743772693596257	2.49967121804	0.0720454629993909
chr17	63429200	63429600	2	3	0.04743772693596257	2.49967121804	0.0720454629993909
chr17	64680600	64681200	2	3	0.04743772693596257	2.49967121804	0.0720454629993909
chr17	65962200	65962800	2	4	0.0929910451760756	1.87475341353	0.10522131489431037
chr17	66133000	66134400	3	5	0.046512567755971006	2.24970409624	0.0943733258816803
chr17	66861800	66862200	2	3	0.04743772693596257	2.49967121804	0.0720454629993909
chr17	69766600	69767000	2	4	0.0929910451760756	1.87475341353	0.10522131489431037
chr17	71835400	71836600	3	4	0.023360804040771097	2.8121301203	0.05102927407487587
chr17	74738200	74738600	2	3	0.04743772693596257	2.49967121804	0.0720454629993909
chr17	80156400	80156600	2	1	0.0025920524499572013	7.49901365412	0.0399176077293409
chr16	10836200	10837600	3	6	0.0788424955500044	1.87475341353	0.09567962422931976
chr16	11202000	11203000	2	3	0.04743772693596257	2.49967121804	0.0720454629993909
chr16	11253400	11254000	2	5	0.15067253715071596	1.49980273082	0.15741906866492714
chr16	17530200	17530400	2	2	0.017047521171006053	3.74950682706	0.06162718920974019
chr16	17734400	17735200	2	3	0.04743772693596257	2.49967121804	0.0720454629993909
chr16	19904800	19905400	2	2	0.017047521171006053	3.74950682706	0.06162718920974019
chr16	20141200	20141600	3	5	0.046512567755971006	2.24970409624	0.0943733258816803
chr16	22265400	22266000	2	4	0.0929910451760756	1.87475341353	0.10522131489431037
chr16	23274000	23274600	2	3	0.04743772693596257	2.49967121804	0.0720454629993909
chr16	24164600	24165200	2	3	0.04743772693596257	2.49967121804	0.0720454629993909
chr16	27389200	27389800	2	2	0.017047521171006053	3.74950682706	0.06162718920974019
chr16	30388400	30388600	2	0	1.913260799460412e-09	886.087218071	1.636900906205019e-07
chr16	31664200	31664800	3	5	0.046512567755971006	2.24970409624	0.0943733258816803
chr16	32246600	32247800	3	5	0.046512567755971006	2.24970409624	0.0943733258816803
chr16	38522600	38523600	2	5	0.15067253715071596	1.49980273082	0.15741906866492714
chr16	42876000	42876400	2	3	0.04743772693596257	2.49967121804	0.0720454629993909
chr16	43694000	43694600	2	3	0.04743772693596257	2.49967121804	0.0720454629993909
chr16	49855400	49856400	2	3	0.04743772693596257	2.49967121804	0.0720454629993909
chr16	64672600	64673000	2	2	0.017047521171006053	3.74950682706	0.06162718920974019
chr16	65575600	65576200	2	1	0.0025920524499572013	7.49901365412	0.0399176077293409
chr16	78564600	78565000	2	3	0.04743772693596257	2.49967121804	0.0720454629993909
chr15	7140600	7141200	2	3	0.04743772693596257	2.49967121804	0.0720454629993909
chr15	31071200	31072200	2	3	0.04743772693596257	2.49967121804	0.0720454629993909
chr15	36722400	36723200	2	3	0.04743772693596257	2.49967121804	0.0720454629993909
chr15	57966000	57966400	2	3	0.04743772693596257	2.49967121804	0.0720454629993909
chr15	58247200	58247400	2	2	0.017047521171006053	3.74950682706	0.06162718920974019
chr15	58883400	58884000	2	2	0.017047521171006053	3.74950682706	0.06162718920974019
chr15	59428200	59429200	2	3	0.04743772693596257	2.49967121804	0.0720454629993909
chr15	61874200	61875200	2	4	0.0929910451760756	1.87475341353	0.10522131489431037
chr15	66632000	66632400	2	3	0.04743772693596257	2.49967121804	0.0720454629993909
chr15	66644000	66644600	3	3	0.009083892962708765	3.74950682706	0.08529997050348474
chr15	66692400	66693000	2	2	0.017047521171006053	3.74950682706	0.06162718920974019
chr15	67846000	67846800	2	3	0.04743772693596257	2.49967121804	0.0720454629993909
chr15	74788800	74789200	2	2	0.017047521171006053	3.74950682706	0.06162718920974019
chr15	74916800	74917000	2	1	0.0025920524499572013	7.49901365412	0.0399176077293409
chr15	79376600	79377400	2	3	0.04743772693596257	2.49967121804	0.0720454629993909
chr15	82804600	82805200	2	3	0.04743772693596257	2.49967121804	0.0720454629993909
chr15	82930000	82930400	2	2	0.017047521171006053	3.74950682706	0.06162718920974019
chr15	84867200	84867800	2	2	0.017047521171006053	3.74950682706	0.06162718920974019
chr15	93293000	93293200	2	0	1.913260799460412e-09	886.087218071	1.636900906205019e-07
chr15	94373800	94374200	2	2	0.017047521171006053	3.74950682706	0.06162718920974019
chr15	96115600	96116000	2	2	0.017047521171006053	3.74950682706	0.06162718920974019
chr15	96291200	96291800	2	2	0.017047521171006053	3.74950682706	0.06162718920974019
chr15	96470600	96471600	2	3	0.04743772693596257	2.49967121804	0.0720454629993909
chr15	98353600	98354600	2	3	0.04743772693596257	2.49967121804	0.0720454629993909
chr15	98701600	98702400	3	4	0.023360804040771097	2.8121301203	0.05102927407487587
chr15	98748000	98748400	3	4	0.023360804040771097	2.8121301203	0.05102927407487587
chr15	98905000	98905200	2	3	0.04743772693596257	2.49967121804	0.0720454629993909
chr15	99017400	99018400	2	2	0.017047521171006053	3.74950682706	0.06162718920974019
chr14	14945800	14946200	2	2	0.017047521171006053	3.74950682706	0.06162718920974019
chr14	21365600	21366000	2	4	0.0929910451760756	1.87475341353	0.10522131489431037
chr14	28320800	28321000	2	0	1.913260799460412e-09	886.087218071	1.636900906205019e-07
chr14	30177200	30178200	2	2	0.017047521171006053	3.74950682706	0.06162718920974019
chr14	48092200	48092600	2	3	0.04743772693596257	2.49967121804	0.0720454629993909
chr14	49839000	49840000	2	2	0.017047521171006053	3.74950682706	0.06162718920974019
chr14	53110200	53111200	2	4	0.0929910451760756	1.87475341353	0.10522131489431037
chr14	53631600	53631800	2	1	0.0025920524499572013	7.49901365412	0.0399176077293409
chr14	54816200	54816400	2	2	0.017047521171006053	3.74950682706	0.06162718920974019
chr14	54817400	54818200	2	3	0.04743772693596257	2.49967121804	0.0720454629993909
chr14	54843400	54843600	2	2	0.017047521171006053	3.74950682706	0.06162718920974019
chr14	55633600	55634000	2	2	0.017047521171006053	3.74950682706	0.06162718920974019
chr14	56364800	56365200	2	3	0.04743772693596257	2.49967121804	0.0720454629993909
chr14	56778600	56778800	2	1	0.0025920524499572013	7.49901365412	0.0399176077293409
chr14	56880000	56880600	2	2	0.017047521171006053	3.74950682706	0.06162718920974019
chr14	62642800	62643800	2	3	0.04743772693596257	2.49967121804	0.0720454629993909
chr14	63379400	63380000	2	4	0.0929910451760756	1.87475341353	0.10522131489431037
chr14	70842600	70843200	2	2	0.017047521171006053	3.74950682706	0.06162718920974019
chr14	73725400	73725800	2	2	0.017047521171006053	3.74950682706	0.06162718920974019
chr14	87542600	87543200	2	2	0.017047521171006053	3.74950682706	0.06162718920974019
chr14	87871400	87873400	4	6	0.023693882140542643	2.49967121804	0.05012167375884021
chr14	103498200	103498600	2	3	0.04743772693596257	2.49967121804	0.0720454629993909
chr19	4292800	4293200	2	2	0.017047521171006053	3.74950682706	0.06162718920974019
chr19	5609800	5610000	2	3	0.04743772693596257	2.49967121804	0.0720454629993909
chr19	5691800	5692600	2	3	0.04743772693596257	2.49967121804	0.0720454629993909
chr19	5703800	5704600	2	3	0.04743772693596257	2.49967121804	0.0720454629993909
chr19	6296800	6297800	2	3	0.04743772693596257	2.49967121804	0.0720454629993909
chr19	6341400	6342000	2	4	0.0929910451760756	1.87475341353	0.10522131489431037
chr19	6363000	6364200	3	6	0.0788424955500044	1.87475341353	0.09567962422931976
chr19	7369000	7369400	2	3	0.04743772693596257	2.49967121804	0.0720454629993909
chr19	8895000	8895600	2	2	0.017047521171006053	3.74950682706	0.06162718920974019
chr19	9055000	9055800	2	2	0.017047521171006053	3.74950682706	0.06162718920974019
chr19	10013200	10013800	3	5	0.046512567755971006	2.24970409624	0.0943733258816803
chr19	14427600	14428200	2	2	0.017047521171006053	3.74950682706	0.06162718920974019
chr19	15392600	15393600	2	3	0.04743772693596257	2.49967121804	0.0720454629993909
chr19	18705800	18706400	2	2	0.017047521171006053	3.74950682706	0.06162718920974019
chr19	19462000	19463000	2	2	0.017047521171006053	3.74950682706	0.06162718920974019
chr19	21728000	21728400	2	2	0.017047521171006053	3.74950682706	0.06162718920974019
chr19	26822600	26823600	2	2	0.017047521171006053	3.74950682706	0.06162718920974019
chr19	28288200	28288600	2	2	0.017047521171006053	3.74950682706	0.06162718920974019
chr19	37151800	37152200	2	4	0.0929910451760756	1.87475341353	0.10522131489431037
chr19	42592800	42593800	4	8	0.06551232161145086	1.87475341353	0.08058224862750346
chr19	44357000	44358000	2	2	0.017047521171006053	3.74950682706	0.06162718920974019
chr19	45855200	45856000	2	4	0.0929910451760756	1.87475341353	0.10522131489431037
chr19	46112400	46113200	2	2	0.017047521171006053	3.74950682706	0.06162718920974019
chr19	56623000	56623400	2	2	0.017047521171006053	3.74950682706	0.06162718920974019
chr19	57616400	57617400	2	2	0.017047521171006053	3.74950682706	0.06162718920974019
chr18	7551800	7552200	2	3	0.04743772693596257	2.49967121804	0.0720454629993909
chr18	7868800	7869400	2	5	0.15067253715071596	1.49980273082	0.15741906866492714
chr18	12327200	12327600	2	3	0.04743772693596257	2.49967121804	0.0720454629993909
chr18	12740400	12741000	2	2	0.017047521171006053	3.74950682706	0.06162718920974019
chr18	29140600	29140800	2	1	0.0025920524499572013	7.49901365412	0.0399176077293409
chr18	34666000	34666600	3	7	0.11969506690475237	1.60693149731	0.12765263367958354
chr18	35091000	35091400	2	4	0.0929910451760756	1.87475341353	0.10522131489431037
chr18	35114200	35115200	2	6	0.21669589720447616	1.24983560902	0.2217353366743477
chr18	36447200	36448000	2	2	0.017047521171006053	3.74950682706	0.06162718920974019
chr18	36719200	36719600	2	3	0.04743772693596257	2.49967121804	0.0720454629993909
chr18	36839200	36840000	3	5	0.046512567755971006	2.24970409624	0.0943733258816803
chr18	38498200	38498600	2	2	0.017047521171006053	3.74950682706	0.06162718920974019
chr18	39153200	39154200	2	2	0.017047521171006053	3.74950682706	0.06162718920974019
chr18	44540400	44540800	2	2	0.017047521171006053	3.74950682706	0.06162718920974019
chr18	54022000	54022600	2	3	0.04743772693596257	2.49967121804	0.0720454629993909
chr18	56629200	56630200	2	4	0.0929910451760756	1.87475341353	0.10522131489431037
chr18	57834600	57835600	2	3	0.04743772693596257	2.49967121804	0.0720454629993909
chr18	63436400	63437000	2	3	0.04743772693596257	2.49967121804	0.0720454629993909
chr18	67577600	67578200	2	4	0.0929910451760756	1.87475341353	0.10522131489431037
chr18	68460000	68460400	2	4	0.0929910451760756	1.87475341353	0.10522131489431037
chr18	70781800	70782400	2	2	0.017047521171006053	3.74950682706	0.06162718920974019
chr7	4744000	4744800	3	5	0.046512567755971006	2.24970409624	0.0943733258816803
chr7	7250800	7251400	2	2	0.017047521171006053	3.74950682706	0.06162718920974019
chr7	13535400	13536000	2	3	0.04743772693596257	2.49967121804	0.0720454629993909
chr7	13623200	13624200	2	3	0.04743772693596257	2.49967121804	0.0720454629993909
chr7	17430400	17430800	2	2	0.017047521171006053	3.74950682706	0.06162718920974019
chr7	19589400	19589800	2	4	0.0929910451760756	1.87475341353	0.10522131489431037
chr7	20188000	20188400	2	2	0.017047521171006053	3.74950682706	0.06162718920974019
chr7	25756600	25757400	3	5	0.046512567755971006	2.24970409624	0.0943733258816803
chr7	29165800	29167200	3	4	0.023360804040771097	2.8121301203	0.05102927407487587
chr7	29573200	29574600	3	6	0.0788424955500044	1.87475341353	0.09567962422931976
chr7	31177400	31177600	2	2	0.017047521171006053	3.74950682706	0.06162718920974019
chr7	31434600	31435000	2	3	0.04743772693596257	2.49967121804	0.0720454629993909
chr7	31789200	31789400	2	0	1.913260799460412e-09	886.087218071	1.636900906205019e-07
chr7	36146000	36146400	2	2	0.017047521171006053	3.74950682706	0.06162718920974019
chr7	52493800	52494200	3	3	0.009083892962708765	3.74950682706	0.08529997050348474
chr7	53178600	53178800	2	2	0.017047521171006053	3.74950682706	0.06162718920974019
chr7	54174600	54175000	2	3	0.04743772693596257	2.49967121804	0.0720454629993909
chr7	63305600	63306600	2	2	0.017047521171006053	3.74950682706	0.06162718920974019
chr7	72817000	72817400	2	3	0.04743772693596257	2.49967121804	0.0720454629993909
chr7	73254600	73255200	2	6	0.21669589720447616	1.24983560902	0.2217353366743477
chr7	75421000	75421400	2	3	0.04743772693596257	2.49967121804	0.0720454629993909
chr7	75430000	75430600	2	2	0.017047521171006053	3.74950682706	0.06162718920974019
chr7	80702800	80703400	2	3	0.04743772693596257	2.49967121804	0.0720454629993909
chr7	80763800	80764400	2	4	0.0929910451760756	1.87475341353	0.10522131489431037
chr7	82732200	82732600	2	3	0.04743772693596257	2.49967121804	0.0720454629993909
chr7	82754400	82754800	2	2	0.017047521171006053	3.74950682706	0.06162718920974019
chr7	82934000	82934800	2	3	0.04743772693596257	2.49967121804	0.0720454629993909
chr7	85991200	85992000	2	2	0.017047521171006053	3.74950682706	0.06162718920974019
chr7	88490000	88490800	2	3	0.04743772693596257	2.49967121804	0.0720454629993909
chr7	90802400	90803400	2	3	0.04743772693596257	2.49967121804	0.0720454629993909
chr7	97278800	97279000	2	1	0.0025920524499572013	7.49901365412	0.0399176077293409
chr7	99785400	99786200	3	4	0.023360804040771097	2.8121301203	0.05102927407487587
chr7	105804800	105805400	2	3	0.04743772693596257	2.49967121804	0.0720454629993909
chr7	106446200	106446800	2	3	0.04743772693596257	2.49967121804	0.0720454629993909
chr7	116895600	116896200	2	3	0.04743772693596257	2.49967121804	0.0720454629993909
chr7	118956200	118956600	2	3	0.04743772693596257	2.49967121804	0.0720454629993909
chr7	121559200	121560200	2	4	0.0929910451760756	1.87475341353	0.10522131489431037
chr7	125280000	125280800	2	3	0.04743772693596257	2.49967121804	0.0720454629993909
chr7	129209800	129210600	2	2	0.017047521171006053	3.74950682706	0.06162718920974019
chr7	130267400	130268000	2	4	0.0929910451760756	1.87475341353	0.10522131489431037
chr7	133497800	133498400	2	2	0.017047521171006053	3.74950682706	0.06162718920974019
chr7	134027200	134028200	2	3	0.04743772693596257	2.49967121804	0.0720454629993909
chr7	139926000	139926600	2	3	0.04743772693596257	2.49967121804	0.0720454629993909
chr7	142563400	142564200	2	3	0.04743772693596257	2.49967121804	0.0720454629993909
chr7	142907400	142907800	2	2	0.017047521171006053	3.74950682706	0.06162718920974019
chr7	145634600	145635000	2	2	0.017047521171006053	3.74950682706	0.06162718920974019
chr7	148253600	148254200	2	3	0.04743772693596257	2.49967121804	0.0720454629993909
chr7	148633400	148633800	2	3	0.04743772693596257	2.49967121804	0.0720454629993909
chr6	8459200	8460200	4	11	0.17372522884055325	1.36345702802	0.17907419840324768
chr6	17587200	17587600	2	3	0.04743772693596257	2.49967121804	0.0720454629993909
chr6	21899600	21900000	2	4	0.0929910451760756	1.87475341353	0.10522131489431037
chr6	24614600	24614800	2	1	0.0025920524499572013	7.49901365412	0.0399176077293409
chr6	29998400	29999000	3	3	0.009083892962708765	3.74950682706	0.08529997050348474
chr6	41497200	41497600	2	0	1.5280202006533562e-08	443.043609036	6.359867862178834e-07
chr6	48691800	48692600	2	2	0.017047521171006053	3.74950682706	0.06162718920974019
chr6	50343600	50344000	2	3	0.04743772693596257	2.49967121804	0.0720454629993909
chr6	50820800	50821800	2	2	0.017047521171006053	3.74950682706	0.06162718920974019
chr6	58809200	58810200	2	2	0.017047521171006053	3.74950682706	0.06162718920974019
chr6	64992800	64993800	2	3	0.04743772693596257	2.49967121804	0.0720454629993909
chr6	83406600	83407400	2	2	0.017047521171006053	3.74950682706	0.06162718920974019
chr6	86798400	86799400	2	3	0.04743772693596257	2.49967121804	0.0720454629993909
chr6	91064600	91065200	3	3	0.009083892962708765	3.74950682706	0.08529997050348474
chr6	91633000	91634000	2	3	0.04743772693596257	2.49967121804	0.0720454629993909
chr6	103599000	103599200	4	7	0.041443208308275345	2.14257532975	0.08683338883638643
chr6	108787600	108788200	2	4	0.0929910451760756	1.87475341353	0.10522131489431037
chr6	111824000	111824200	2	3	0.04743772693596257	2.49967121804	0.0720454629993909
chr6	113619400	113620400	3	4	0.023360804040771097	2.8121301203	0.05102927407487587
chr6	114483000	114483600	2	2	0.017047521171006053	3.74950682706	0.06162718920974019
chr6	114870000	114870800	3	6	0.0788424955500044	1.87475341353	0.09567962422931976
chr6	115494400	115495000	2	3	0.04743772693596257	2.49967121804	0.0720454629993909
chr6	115757400	115758400	2	3	0.04743772693596257	2.49967121804	0.0720454629993909
chr6	117858600	117859600	2	2	0.017047521171006053	3.74950682706	0.06162718920974019
chr6	120861600	120862600	2	2	0.017047521171006053	3.74950682706	0.06162718920974019
chr6	120866200	120866600	2	2	0.017047521171006053	3.74950682706	0.06162718920974019
chr6	124691200	124692200	2	4	0.0929910451760756	1.87475341353	0.10522131489431037
chr6	125303400	125304400	2	3	0.04743772693596257	2.49967121804	0.0720454629993909
chr6	127099600	127100600	2	4	0.0929910451760756	1.87475341353	0.10522131489431037
chr6	128374600	128374800	2	0	1.913260799460412e-09	886.087218071	1.636900906205019e-07
chr6	129179200	129180000	2	2	0.017047521171006053	3.74950682706	0.06162718920974019
chr6	133070200	133070600	2	2	0.017047521171006053	3.74950682706	0.06162718920974019
chr6	145159800	145160200	2	3	0.04743772693596257	2.49967121804	0.0720454629993909
chr6	146031000	146031200	2	0	1.913260799460412e-09	886.087218071	1.636900906205019e-07
chr6	146582800	146583000	2	3	0.04743772693596257	2.49967121804	0.0720454629993909
chr6	147810200	147810400	2	2	0.017047521171006053	3.74950682706	0.06162718920974019
chr5	3344600	3345200	2	2	0.017047521171006053	3.74950682706	0.06162718920974019
chr5	14250200	14251000	2	3	0.04743772693596257	2.49967121804	0.0720454629993909
chr5	17057800	17058200	2	2	0.017047521171006053	3.74950682706	0.06162718920974019
chr5	22938800	22939400	2	3	0.04743772693596257	2.49967121804	0.0720454629993909
chr5	22940800	22941600	3	3	0.009083892962708765	3.74950682706	0.08529997050348474
chr5	24375000	24375200	2	1	0.0025920524499572013	7.49901365412	0.0399176077293409
chr5	31171400	31172000	2	2	0.017047521171006053	3.74950682706	0.06162718920974019
chr5	31209800	31210200	2	3	0.04743772693596257	2.49967121804	0.0720454629993909
chr5	37230200	37230600	2	3	0.04743772693596257	2.49967121804	0.0720454629993909
chr5	58909200	58910200	2	3	0.04743772693596257	2.49967121804	0.0720454629993909
chr5	66399800	66400000	2	1	0.0025920524499572013	7.49901365412	0.0399176077293409
chr5	73142400	73142800	2	4	0.0929910451760756	1.87475341353	0.10522131489431037
chr5	75439600	75440600	2	5	0.15067253715071596	1.49980273082	0.15741906866492714
chr5	77403600	77404200	2	2	0.017047521171006053	3.74950682706	0.06162718920974019
chr5	77738400	77739200	2	2	0.017047521171006053	3.74950682706	0.06162718920974019
chr5	77815400	77816400	2	3	0.04743772693596257	2.49967121804	0.0720454629993909
chr5	81296400	81296600	2	1	0.0025920524499572013	7.49901365412	0.0399176077293409
chr5	86601400	86601800	3	6	0.0788424955500044	1.87475341353	0.09567962422931976
chr5	89210800	89211600	2	2	0.017047521171006053	3.74950682706	0.06162718920974019
chr5	93635200	93635800	2	5	0.15067253715071596	1.49980273082	0.15741906866492714
chr5	96465400	96466000	2	4	0.0929910451760756	1.87475341353	0.10522131489431037
chr5	103806200	103807200	2	6	0.21669589720447616	1.24983560902	0.2217353366743477
chr5	108154600	108155400	2	2	0.017047521171006053	3.74950682706	0.06162718920974019
chr5	110536400	110537200	2	2	0.017047521171006053	3.74950682706	0.06162718920974019
chr5	110539200	110539400	2	1	0.0025920524499572013	7.49901365412	0.0399176077293409
chr5	111104200	111104800	2	2	0.017047521171006053	3.74950682706	0.06162718920974019
chr5	111165400	111165800	2	3	0.04743772693596257	2.49967121804	0.0720454629993909
chr5	117609400	117609800	2	4	0.0929910451760756	1.87475341353	0.10522131489431037
chr5	122951600	122952400	2	2	0.017047521171006053	3.74950682706	0.06162718920974019
chr5	124664600	124665400	2	4	0.0929910451760756	1.87475341353	0.10522131489431037
chr5	124804000	124804400	2	2	0.017047521171006053	3.74950682706	0.06162718920974019
chr5	124889400	124890200	2	5	0.15067253715071596	1.49980273082	0.15741906866492714
chr5	135114600	135115200	2	2	0.017047521171006053	3.74950682706	0.06162718920974019
chr5	136385400	136386200	2	2	0.017047521171006053	3.74950682706	0.06162718920974019
chr5	137943000	137943400	2	2	0.017047521171006053	3.74950682706	0.06162718920974019
chr5	138227600	138228600	2	2	0.017047521171006053	3.74950682706	0.06162718920974019
chr5	138558200	138559000	2	2	0.017047521171006053	3.74950682706	0.06162718920974019
chr5	139728200	139728600	2	4	0.0929910451760756	1.87475341353	0.10522131489431037
chr5	139847600	139848200	2	4	0.0929910451760756	1.87475341353	0.10522131489431037
chr5	142612600	142613600	2	4	0.0929910451760756	1.87475341353	0.10522131489431037
chr5	144288600	144288800	2	3	0.04743772693596257	2.49967121804	0.0720454629993909
chr5	144861200	144862000	2	4	0.0929910451760756	1.87475341353	0.10522131489431037
chr5	152537000	152537400	2	4	0.0929910451760756	1.87475341353	0.10522131489431037
chr4	6292600	6293000	2	2	0.017047521171006053	3.74950682706	0.06162718920974019
chr4	10711400	10712000	2	3	0.04743772693596257	2.49967121804	0.0720454629993909
chr4	19635800	19636600	2	3	0.04743772693596257	2.49967121804	0.0720454629993909
chr4	34498200	34498600	2	5	0.15067253715071596	1.49980273082	0.15741906866492714
chr4	40957000	40958000	2	2	0.017047521171006053	3.74950682706	0.06162718920974019
chr4	41669800	41670000	2	1	0.0025920524499572013	7.49901365412	0.0399176077293409
chr4	43364000	43365000	2	3	0.04743772693596257	2.49967121804	0.0720454629993909
chr4	46007200	46008000	2	3	0.04743772693596257	2.49967121804	0.0720454629993909
chr4	46465200	46465800	2	4	0.0929910451760756	1.87475341353	0.10522131489431037
chr4	58924800	58925600	2	2	0.017047521171006053	3.74950682706	0.06162718920974019
chr4	59202200	59202600	2	3	0.04743772693596257	2.49967121804	0.0720454629993909
chr4	59561400	59562000	2	5	0.15067253715071596	1.49980273082	0.15741906866492714
chr4	63067200	63067600	2	3	0.04743772693596257	2.49967121804	0.0720454629993909
chr4	63071000	63071800	2	3	0.04743772693596257	2.49967121804	0.0720454629993909
chr4	82918800	82919600	2	3	0.04743772693596257	2.49967121804	0.0720454629993909
chr4	82960400	82961400	2	2	0.017047521171006053	3.74950682706	0.06162718920974019
chr4	98822600	98823200	2	2	0.017047521171006053	3.74950682706	0.06162718920974019
chr4	101029200	101029400	2	1	0.0025920524499572013	7.49901365412	0.0399176077293409
chr4	102785600	102787200	3	4	0.023360804040771097	2.8121301203	0.05102927407487587
chr4	102986600	102987600	2	3	0.04743772693596257	2.49967121804	0.0720454629993909
chr4	106573600	106573800	2	1	0.0025920524499572013	7.49901365412	0.0399176077293409
chr4	107990800	107991400	2	2	0.017047521171006053	3.74950682706	0.06162718920974019
chr4	108251400	108252200	2	4	0.0929910451760756	1.87475341353	0.10522131489431037
chr4	108789200	108790200	2	2	0.017047521171006053	3.74950682706	0.06162718920974019
chr4	108953200	108953400	2	0	1.913260799460412e-09	886.087218071	1.636900906205019e-07
chr4	116373400	116373800	2	3	0.04743772693596257	2.49967121804	0.0720454629993909
chr4	118081600	118081800	2	2	0.017047521171006053	3.74950682706	0.06162718920974019
chr4	123241000	123241400	2	1	0.0025920524499572013	7.49901365412	0.0399176077293409
chr4	125879600	125880600	2	2	0.017047521171006053	3.74950682706	0.06162718920974019
chr4	126106200	126106800	2	4	0.0929910451760756	1.87475341353	0.10522131489431037
chr4	126393000	126393200	2	2	0.017047521171006053	3.74950682706	0.06162718920974019
chr4	126644600	126645400	2	3	0.04743772693596257	2.49967121804	0.0720454629993909
chr4	129486000	129486600	2	2	0.017047521171006053	3.74950682706	0.06162718920974019
chr4	129495800	129497000	3	4	0.023360804040771097	2.8121301203	0.05102927407487587
chr4	130461400	130462000	2	2	0.017047521171006053	3.74950682706	0.06162718920974019
chr4	130470800	130471200	2	2	0.017047521171006053	3.74950682706	0.06162718920974019
chr4	132047200	132047800	2	2	0.017047521171006053	3.74950682706	0.06162718920974019
chr4	133188800	133189000	2	1	0.0025920524499572013	7.49901365412	0.0399176077293409
chr4	133396200	133397000	2	2	0.017047521171006053	3.74950682706	0.06162718920974019
chr4	134479000	134479800	3	3	0.009083892962708765	3.74950682706	0.08529997050348474
chr4	135527800	135528400	2	2	0.017047521171006053	3.74950682706	0.06162718920974019
chr4	135609000	135609200	2	2	0.017047521171006053	3.74950682706	0.06162718920974019
chr4	137072800	137073600	2	2	0.017047521171006053	3.74950682706	0.06162718920974019
chr4	137549200	137550000	2	3	0.04743772693596257	2.49967121804	0.0720454629993909
chr4	142549600	142550200	2	4	0.0929910451760756	1.87475341353	0.10522131489431037
chr4	142802200	142802600	2	3	0.04743772693596257	2.49967121804	0.0720454629993909
chr4	147278600	147279000	2	2	0.017047521171006053	3.74950682706	0.06162718920974019
chr4	147525600	147526000	2	3	0.04743772693596257	2.49967121804	0.0720454629993909
chr4	148000400	148000800	2	4	0.0929910451760756	1.87475341353	0.10522131489431037
chr4	148205200	148206000	2	3	0.04743772693596257	2.49967121804	0.0720454629993909
chr4	148394600	148395400	2	2	0.017047521171006053	3.74950682706	0.06162718920974019
chr4	151308200	151308400	2	3	0.04743772693596257	2.49967121804	0.0720454629993909
chr4	151633000	151633200	2	1	0.0025920524499572013	7.49901365412	0.0399176077293409
chr4	151671400	151672000	2	2	0.017047521171006053	3.74950682706	0.06162718920974019
chr4	152311800	152312800	2	3	0.04743772693596257	2.49967121804	0.0720454629993909
chr4	153509800	153510400	2	3	0.04743772693596257	2.49967121804	0.0720454629993909
chr4	154423200	154424000	2	3	0.04743772693596257	2.49967121804	0.0720454629993909
chr4	155079000	155079400	2	2	0.017047521171006053	3.74950682706	0.06162718920974019
chr4	155187000	155187200	2	1	0.0025920524499572013	7.49901365412	0.0399176077293409
chr4	155215400	155216000	2	3	0.04743772693596257	2.49967121804	0.0720454629993909
chr4	155318000	155318800	2	2	0.017047521171006053	3.74950682706	0.06162718920974019
chr4	155570800	155571400	2	4	0.0929910451760756	1.87475341353	0.10522131489431037
chr3	8923600	8924200	2	3	0.04743772693596257	2.49967121804	0.0720454629993909
chr3	9687200	9687400	2	0	1.913260799460412e-09	886.087218071	1.636900906205019e-07
chr3	27052200	27052400	2	1	0.0025920524499572013	7.49901365412	0.0399176077293409
chr3	30501400	30502400	2	4	0.0929910451760756	1.87475341353	0.10522131489431037
chr3	30691800	30692400	2	3	0.04743772693596257	2.49967121804	0.0720454629993909
chr3	30993000	30993600	2	3	0.04743772693596257	2.49967121804	0.0720454629993909
chr3	32296000	32296600	2	3	0.04743772693596257	2.49967121804	0.0720454629993909
chr3	37050800	37051800	2	4	0.0929910451760756	1.87475341353	0.10522131489431037
chr3	53267600	53268000	2	1	0.0025920524499572013	7.49901365412	0.0399176077293409
chr3	54611400	54611800	2	2	0.017047521171006053	3.74950682706	0.06162718920974019
chr3	57540200	57540400	2	2	0.017047521171006053	3.74950682706	0.06162718920974019
chr3	58329000	58329600	3	5	0.046512567755971006	2.24970409624	0.0943733258816803
chr3	62310400	62311200	2	3	0.04743772693596257	2.49967121804	0.0720454629993909
chr3	65761600	65762200	3	5	0.046512567755971006	2.24970409624	0.0943733258816803
chr3	68809200	68809600	2	3	0.04743772693596257	2.49967121804	0.0720454629993909
chr3	78745600	78746000	2	2	0.017047521171006053	3.74950682706	0.06162718920974019
chr3	87650600	87651600	5	9	0.03569151647313496	2.08305934837	0.07529443201181896
chr3	88213800	88214400	2	2	0.017047521171006053	3.74950682706	0.06162718920974019
chr3	88425000	88425200	2	1	0.0025920524499572013	7.49901365412	0.0399176077293409
chr3	88968800	88969200	2	3	0.04743772693596257	2.49967121804	0.0720454629993909
chr3	89887200	89887400	2	1	0.0025920524499572013	7.49901365412	0.0399176077293409
chr3	94778600	94779200	2	3	0.04743772693596257	2.49967121804	0.0720454629993909
chr3	94914400	94915000	3	4	0.023360804040771097	2.8121301203	0.05102927407487587
chr3	95463200	95464000	2	4	0.0929910451760756	1.87475341353	0.10522131489431037
chr3	100289200	100289600	2	2	0.017047521171006053	3.74950682706	0.06162718920974019
chr3	101131200	101131800	2	3	0.04743772693596257	2.49967121804	0.0720454629993909
chr3	103660600	103661200	2	3	0.04743772693596257	2.49967121804	0.0720454629993909
chr3	103671800	103672200	2	1	0.0025920524499572013	7.49901365412	0.0399176077293409
chr3	105762000	105763400	3	5	0.046512567755971006	2.24970409624	0.0943733258816803
chr3	106350000	106350800	2	2	0.017047521171006053	3.74950682706	0.06162718920974019
chr3	107303600	107304200	2	3	0.04743772693596257	2.49967121804	0.0720454629993909
chr3	116297600	116298600	2	3	0.04743772693596257	2.49967121804	0.0720454629993909
chr3	126300200	126300800	2	2	0.017047521171006053	3.74950682706	0.06162718920974019
chr3	133177800	133178200	2	3	0.04743772693596257	2.49967121804	0.0720454629993909
chr3	134987400	134987800	2	2	0.017047521171006053	3.74950682706	0.06162718920974019
chr3	135349400	135349800	2	2	0.017047521171006053	3.74950682706	0.06162718920974019
chr3	135353600	135354400	2	3	0.04743772693596257	2.49967121804	0.0720454629993909
chr3	144382800	144383600	2	3	0.04743772693596257	2.49967121804	0.0720454629993909
chr3	157694000	157694600	2	2	0.017047521171006053	3.74950682706	0.06162718920974019
chr2	11093800	11094800	3	4	0.023360804040771097	2.8121301203	0.05102927407487587
chr2	11095600	11096200	2	3	0.04743772693596257	2.49967121804	0.0720454629993909
chr2	11424600	11425200	2	2	0.017047521171006053	3.74950682706	0.06162718920974019
chr2	22629400	22629800	2	4	0.0929910451760756	1.87475341353	0.10522131489431037
chr2	27356800	27357200	2	3	0.04743772693596257	2.49967121804	0.0720454629993909
chr2	27986200	27986600	2	3	0.04743772693596257	2.49967121804	0.0720454629993909
chr2	28323600	28324600	2	3	0.04743772693596257	2.49967121804	0.0720454629993909
chr2	29587200	29588000	2	4	0.0929910451760756	1.87475341353	0.10522131489431037
chr2	32306600	32306800	2	1	0.0025920524499572013	7.49901365412	0.0399176077293409
chr2	32568600	32569600	2	4	0.0929910451760756	1.87475341353	0.10522131489431037
chr2	32723200	32723400	2	2	0.017047521171006053	3.74950682706	0.06162718920974019
chr2	35055800	35056400	2	4	0.0929910451760756	1.87475341353	0.10522131489431037
chr2	35567600	35568400	2	3	0.04743772693596257	2.49967121804	0.0720454629993909
chr2	38524800	38525600	2	2	0.017047521171006053	3.74950682706	0.06162718920974019
chr2	52425200	52426400	3	5	0.046512567755971006	2.24970409624	0.0943733258816803
chr2	52568400	52569400	2	1	0.0025920524499572013	7.49901365412	0.0399176077293409
chr2	58482800	58483400	2	2	0.017047521171006053	3.74950682706	0.06162718920974019
chr2	60047800	60048400	2	3	0.04743772693596257	2.49967121804	0.0720454629993909
chr2	70663600	70664000	2	3	0.04743772693596257	2.49967121804	0.0720454629993909
chr2	72315200	72315400	2	1	0.0025920524499572013	7.49901365412	0.0399176077293409
chr2	72817600	72818400	3	4	0.023360804040771097	2.8121301203	0.05102927407487587
chr2	73285000	73285400	2	2	0.017047521171006053	3.74950682706	0.06162718920974019
chr2	75670200	75670800	2	4	0.0929910451760756	1.87475341353	0.10522131489431037
chr2	84691600	84692000	2	3	0.04743772693596257	2.49967121804	0.0720454629993909
chr2	91259800	91260400	2	3	0.04743772693596257	2.49967121804	0.0720454629993909
chr2	98502400	98503200	19	60	0.18789860262515506	1.18734382857	0.19342503211413023
chr2	98505200	98505600	3	5	0.046512567755971006	2.24970409624	0.0943733258816803
chr2	98506400	98507600	102	722	1	0.52970872072	1
chr2	103235000	103236000	2	2	0.017047521171006053	3.74950682706	0.06162718920974019
chr2	103499400	103500400	2	3	0.04743772693596257	2.49967121804	0.0720454629993909
chr2	103595000	103595600	2	3	0.04743772693596257	2.49967121804	0.0720454629993909
chr2	103636400	103636800	2	4	0.0929910451760756	1.87475341353	0.10522131489431037
chr2	121239200	121240000	2	3	0.04743772693596257	2.49967121804	0.0720454629993909
chr2	121973400	121974000	3	7	0.11969506690475237	1.60693149731	0.12765263367958354
chr2	125684400	125685200	2	4	0.0929910451760756	1.87475341353	0.10522131489431037
chr2	126642800	126643600	2	3	0.04743772693596257	2.49967121804	0.0720454629993909
chr2	127139400	127140000	2	2	0.017047521171006053	3.74950682706	0.06162718920974019
chr2	129025000	129025600	3	4	0.023360804040771097	2.8121301203	0.05102927407487587
chr2	144208600	144208800	2	1	0.0025920524499572013	7.49901365412	0.0399176077293409
chr2	144381400	144381800	2	2	0.017047521171006053	3.74950682706	0.06162718920974019
chr2	154543600	154544400	2	3	0.04743772693596257	2.49967121804	0.0720454629993909
chr2	156688800	156689200	2	4	0.0929910451760756	1.87475341353	0.10522131489431037
chr2	160471400	160472200	2	2	0.017047521171006053	3.74950682706	0.06162718920974019
chr2	166490200	166490400	2	2	0.017047521171006053	3.74950682706	0.06162718920974019
chr2	167603000	167603200	3	1	0.00017047028733953846	11.2485204812	0.006563106062572231
chr2	167784400	167785000	2	3	0.04743772693596257	2.49967121804	0.0720454629993909
chr2	168055400	168056200	3	6	0.0788424955500044	1.87475341353	0.09567962422931976
chr2	169320600	169321000	2	3	0.04743772693596257	2.49967121804	0.0720454629993909
chr2	179776600	179777200	2	3	0.04743772693596257	2.49967121804	0.0720454629993909
chr2	179906400	179907600	4	7	0.041443208308275345	2.14257532975	0.08683338883638643
chr2	180323400	180324400	3	6	0.0788424955500044	1.87475341353	0.09567962422931976
chr2	180460400	180461400	2	3	0.04743772693596257	2.49967121804	0.0720454629993909
chr2	181115200	181116200	2	5	0.15067253715071596	1.49980273082	0.15741906866492714
chr1	4227600	4228400	2	3	0.04743772693596257	2.49967121804	0.0720454629993909
chr1	6977400	6978400	2	3	0.04743772693596257	2.49967121804	0.0720454629993909
chr1	21208800	21209200	2	2	0.017047521171006053	3.74950682706	0.06162718920974019
chr1	36501600	36502000	2	3	0.04743772693596257	2.49967121804	0.0720454629993909
chr1	38161800	38162200	2	3	0.04743772693596257	2.49967121804	0.0720454629993909
chr1	38721200	38721600	3	4	0.023360804040771097	2.8121301203	0.05102927407487587
chr1	46142800	46143600	3	4	0.023360804040771097	2.8121301203	0.05102927407487587
chr1	52108600	52109400	2	2	0.017047521171006053	3.74950682706	0.06162718920974019
chr1	52527800	52528600	2	2	0.017047521171006053	3.74950682706	0.06162718920974019
chr1	52556800	52557800	3	4	0.023360804040771097	2.8121301203	0.05102927407487587
chr1	53587400	53587800	2	3	0.04743772693596257	2.49967121804	0.0720454629993909
chr1	54966000	54966400	2	3	0.04743772693596257	2.49967121804	0.0720454629993909
chr1	59727600	59728000	3	5	0.046512567755971006	2.24970409624	0.0943733258816803
chr1	60698400	60699200	2	2	0.017047521171006053	3.74950682706	0.06162718920974019
chr1	66958200	66959000	2	1	0.0025920524499572013	7.49901365412	0.0399176077293409
chr1	78484600	78485000	2	3	0.04743772693596257	2.49967121804	0.0720454629993909
chr1	87690000	87690400	2	3	0.04743772693596257	2.49967121804	0.0720454629993909
chr1	87734600	87735400	2	2	0.017047521171006053	3.74950682706	0.06162718920974019
chr1	88376400	88376800	2	2	0.017047521171006053	3.74950682706	0.06162718920974019
chr1	90173800	90174200	3	4	0.023360804040771097	2.8121301203	0.05102927407487587
chr1	90528000	90528600	2	3	0.04743772693596257	2.49967121804	0.0720454629993909
chr1	90625200	90625800	2	3	0.04743772693596257	2.49967121804	0.0720454629993909
chr1	92950400	92950600	2	1	0.0025920524499572013	7.49901365412	0.0399176077293409
chr1	92952400	92953000	2	3	0.04743772693596257	2.49967121804	0.0720454629993909
chr1	96707400	96707800	2	2	0.017047521171006053	3.74950682706	0.06162718920974019
chr1	116688200	116689200	2	1	0.0025920524499572013	7.49901365412	0.0399176077293409
chr1	130255800	130256000	2	2	0.017047521171006053	3.74950682706	0.06162718920974019
chr1	133904400	133905200	2	2	0.017047521171006053	3.74950682706	0.06162718920974019
chr1	135006800	135007400	2	2	0.017047521171006053	3.74950682706	0.06162718920974019
chr1	154748800	154750600	4	10	0.13222306435449832	1.49980273082	0.14014006820779587
chr1	155334200	155334800	2	3	0.04743772693596257	2.49967121804	0.0720454629993909
chr1	161954800	161955600	2	3	0.04743772693596257	2.49967121804	0.0720454629993909
chr1	164670200	164670600	2	2	0.017047521171006053	3.74950682706	0.06162718920974019
chr1	167789400	167790000	2	2	0.017047521171006053	3.74950682706	0.06162718920974019
chr1	167790800	167791800	4	10	0.13222306435449832	1.49980273082	0.14014006820779587
chr1	173286400	173287400	2	1	0.0025920524499572013	7.49901365412	0.0399176077293409
chr1	175810200	175810800	2	2	0.017047521171006053	3.74950682706	0.06162718920974019
chr1	178744600	178745400	2	3	0.04743772693596257	2.49967121804	0.0720454629993909
chr1	178948600	178949000	2	1	0.0025920524499572013	7.49901365412	0.0399176077293409
chr1	180336000	180337000	2	2	0.017047521171006053	3.74950682706	0.06162718920974019
chr1	182317000	182318000	2	3	0.04743772693596257	2.49967121804	0.0720454629993909
chr1	183673400	183673800	2	5	0.15067253715071596	1.49980273082	0.15741906866492714
chr1	183772400	183773000	3	6	0.0788424955500044	1.87475341353	0.09567962422931976
chr1	189039200	189039600	2	2	0.017047521171006053	3.74950682706	0.06162718920974019
chr1	197067800	197068000	4	13	0.2683623174879273	1.15369440833	0.2722516264370277
chr9	3000000	3001600	37	189	1	0.734030437044	1
chr9	3002400	3005200	14	46	0.25277383332254155	1.14115425171	0.2567755298922915
chr9	3006000	3010200	49	167	0.2252075067029042	1.10015469776	0.22907500681801352
chr9	3011600	3016200	29	129	1	0.842912387479	1
chr9	3017200	3022600	40	173	1	0.866937994696	1
chr9	3023400	3026200	53	171	0.12272065786885268	1.16212784698	0.1303378021503677
chr9	3027600	3029800	11	42	1	0.982013692802	1
chr9	3030600	3036200	42	160	1	0.984245542103	1
chr9	3037000	3038200	7	25	0.35188245005025043	1.04986191158	0.35511072940850963
chr9	7060600	7060800	2	0	1.913260799460412e-09	886.087218071	1.636900906205019e-07
chr9	11110200	11110600	2	3	0.04743772693596257	2.49967121804	0.0720454629993909
chr9	14184600	14185400	2	2	0.017047521171006053	3.74950682706	0.06162718920974019
chr9	14832800	14833800	2	3	0.04743772693596257	2.49967121804	0.0720454629993909
chr9	15110600	15111800	3	4	0.023360804040771097	2.8121301203	0.05102927407487587
chr9	17871400	17871800	2	1	0.0025920524499572013	7.49901365412	0.0399176077293409
chr9	20702200	20702400	2	0	1.913260799460412e-09	886.087218071	1.636900906205019e-07
chr9	20951800	20952600	2	2	0.017047521171006053	3.74950682706	0.06162718920974019
chr9	21420000	21421000	2	2	0.017047521171006053	3.74950682706	0.06162718920974019
chr9	24955600	24956200	2	3	0.04743772693596257	2.49967121804	0.0720454629993909
chr9	32302800	32303200	2	3	0.04743772693596257	2.49967121804	0.0720454629993909
chr9	32324800	32325200	2	2	0.017047521171006053	3.74950682706	0.06162718920974019
chr9	32502800	32503800	3	6	0.0788424955500044	1.87475341353	0.09567962422931976
chr9	32504600	32505600	2	2	0.017047521171006053	3.74950682706	0.06162718920974019
chr9	32550200	32550800	2	3	0.04743772693596257	2.49967121804	0.0720454629993909
chr9	32733600	32734000	2	3	0.04743772693596257	2.49967121804	0.0720454629993909
chr9	35112800	35113200	17	59	0.3161701977011737	1.0803663739	0.3199093984624228
chr9	37463800	37464600	2	2	0.017047521171006053	3.74950682706	0.06162718920974019
chr9	43810000	43810600	2	2	0.017047521171006053	3.74950682706	0.06162718920974019
chr9	43851200	43851600	2	3	0.04743772693596257	2.49967121804	0.0720454629993909
chr9	44340200	44341200	2	3	0.04743772693596257	2.49967121804	0.0720454629993909
chr9	45696400	45697400	2	3	0.04743772693596257	2.49967121804	0.0720454629993909
chr9	45714800	45715200	2	1	0.0025920524499572013	7.49901365412	0.0399176077293409
chr9	48863800	48864000	2	3	0.04743772693596257	2.49967121804	0.0720454629993909
chr9	51021400	51022400	2	2	0.017047521171006053	3.74950682706	0.06162718920974019
chr9	54494000	54494400	2	3	0.04743772693596257	2.49967121804	0.0720454629993909
chr9	54997400	54998000	2	2	0.017047521171006053	3.74950682706	0.06162718920974019
chr9	57792400	57793400	3	4	0.023360804040771097	2.8121301203	0.05102927407487587
chr9	61762400	61762800	2	3	0.04743772693596257	2.49967121804	0.0720454629993909
chr9	62190800	62191400	2	3	0.04743772693596257	2.49967121804	0.0720454629993909
chr9	62828400	62828800	2	2	0.017047521171006053	3.74950682706	0.06162718920974019
chr9	64658200	64659200	2	2	0.017047521171006053	3.74950682706	0.06162718920974019
chr9	64880400	64881000	2	2	0.017047521171006053	3.74950682706	0.06162718920974019
chr9	65325000	65326000	2	2	0.017047521171006053	3.74950682706	0.06162718920974019
chr9	69837400	69837600	2	0	1.913260799460412e-09	886.087218071	1.636900906205019e-07
chr9	70174200	70174400	2	1	0.0025920524499572013	7.49901365412	0.0399176077293409
chr9	71021800	71022400	2	2	0.017047521171006053	3.74950682706	0.06162718920974019
chr9	71332800	71333600	2	4	0.0929910451760756	1.87475341353	0.10522131489431037
chr9	72380200	72380600	2	4	0.0929910451760756	1.87475341353	0.10522131489431037
chr9	86917000	86917200	2	0	1.913260799460412e-09	886.087218071	1.636900906205019e-07
chr9	97011200	97011400	2	2	0.017047521171006053	3.74950682706	0.06162718920974019
chr9	100446000	100446800	3	5	0.046512567755971006	2.24970409624	0.0943733258816803
chr9	100544600	100545200	2	5	0.15067253715071596	1.49980273082	0.15741906866492714
chr9	104974600	104975600	2	2	0.017047521171006053	3.74950682706	0.06162718920974019
chr9	106793600	106794000	2	3	0.04743772693596257	2.49967121804	0.0720454629993909
chr9	108419400	108419800	2	2	0.017047521171006053	3.74950682706	0.06162718920974019
chr9	108953000	108953400	2	4	0.0929910451760756	1.87475341353	0.10522131489431037
chr9	109778000	109778800	2	3	0.04743772693596257	2.49967121804	0.0720454629993909
chr9	109991200	109992200	2	2	0.017047521171006053	3.74950682706	0.06162718920974019
chr9	111885400	111885800	2	1	0.0025920524499572013	7.49901365412	0.0399176077293409
chr9	122774400	122775000	2	3	0.04743772693596257	2.49967121804	0.0720454629993909
chr9	122926800	122927800	2	3	0.04743772693596257	2.49967121804	0.0720454629993909
chr8	3516000	3516600	2	4	0.0929910451760756	1.87475341353	0.10522131489431037
chr8	11497600	11498000	2	3	0.04743772693596257	2.49967121804	0.0720454629993909
chr8	18625200	18626000	2	4	0.0929910451760756	1.87475341353	0.10522131489431037
chr8	19878400	19879200	2	3	0.04743772693596257	2.49967121804	0.0720454629993909
chr8	19926000	19927000	2	3	0.04743772693596257	2.49967121804	0.0720454629993909
chr8	19929800	19930000	2	2	0.017047521171006053	3.74950682706	0.06162718920974019
chr8	24746800	24747400	2	3	0.04743772693596257	2.49967121804	0.0720454629993909
chr8	34494800	34495400	2	3	0.04743772693596257	2.49967121804	0.0720454629993909
chr8	37180400	37181400	2	2	0.017047521171006053	3.74950682706	0.06162718920974019
chr8	47825400	47826200	4	8	0.06551232161145086	1.87475341353	0.08058224862750346
chr8	59990800	59991200	2	4	0.0929910451760756	1.87475341353	0.10522131489431037
chr8	73125000	73126000	2	2	0.017047521171006053	3.74950682706	0.06162718920974019
chr8	77517400	77518000	2	2	0.017047521171006053	3.74950682706	0.06162718920974019
chr8	82119200	82120000	2	1	0.0025920524499572013	7.49901365412	0.0399176077293409
chr8	84296800	84297600	2	2	0.017047521171006053	3.74950682706	0.06162718920974019
chr8	86264800	86265400	2	3	0.04743772693596257	2.49967121804	0.0720454629993909
chr8	86724600	86725400	2	2	0.017047521171006053	3.74950682706	0.06162718920974019
chr8	86726200	86726800	2	4	0.0929910451760756	1.87475341353	0.10522131489431037
chr8	87364400	87364600	2	2	0.017047521171006053	3.74950682706	0.06162718920974019
chr8	87500600	87501400	2	2	0.017047521171006053	3.74950682706	0.06162718920974019
chr8	89408400	89409000	2	3	0.04743772693596257	2.49967121804	0.0720454629993909
chr8	97190600	97191000	2	2	0.017047521171006053	3.74950682706	0.06162718920974019
chr8	97855400	97856200	2	4	0.0929910451760756	1.87475341353	0.10522131489431037
chr8	108161000	108161400	2	3	0.04743772693596257	2.49967121804	0.0720454629993909
chr8	115638400	115639000	2	4	0.0929910451760756	1.87475341353	0.10522131489431037
chr8	119781000	119781600	2	4	0.0929910451760756	1.87475341353	0.10522131489431037
chr8	121868400	121869200	3	4	0.023360804040771097	2.8121301203	0.05102927407487587
chr8	126766600	126767400	2	3	0.04743772693596257	2.49967121804	0.0720454629993909
chr8	129376400	129377000	2	2	0.017047521171006053	3.74950682706	0.06162718920974019
