chr13	51196600	51196800	2	0	1.913260799460412e-09	886.087218071	1.636900906205019e-07
chr13	55789200	55789400	2	0	1.913260799460412e-09	886.087218071	1.636900906205019e-07
chr11	63306800	63307000	2	0	1.913260799460412e-09	886.087218071	1.636900906205019e-07
chr17	24551000	24551200	2	0	1.913260799460412e-09	886.087218071	1.636900906205019e-07
chr17	45584200	45584600	2	0	1.5280202006533562e-08	443.043609036	6.359867862178834e-07
chr17	45709200	45709400	2	0	1.913260799460412e-09	886.087218071	1.636900906205019e-07
chr16	30388400	30388600	2	0	1.913260799460412e-09	886.087218071	1.636900906205019e-07
chr15	93293000	93293200	2	0	1.913260799460412e-09	886.087218071	1.636900906205019e-07
chr14	28320800	28321000	2	0	1.913260799460412e-09	886.087218071	1.636900906205019e-07
chr7	31789200	31789400	2	0	1.913260799460412e-09	886.087218071	1.636900906205019e-07
chr6	41497200	41497600	2	0	1.5280202006533562e-08	443.043609036	6.359867862178834e-07
chr6	128374600	128374800	2	0	1.913260799460412e-09	886.087218071	1.636900906205019e-07
chr6	146031000	146031200	2	0	1.913260799460412e-09	886.087218071	1.636900906205019e-07
chr4	108953200	108953400	2	0	1.913260799460412e-09	886.087218071	1.636900906205019e-07
chr3	9687200	9687400	2	0	1.913260799460412e-09	886.087218071	1.636900906205019e-07
chr2	167603000	167603200	3	1	0.00017047028733953846	11.2485204812	0.006563106062572231
chr9	7060600	7060800	2	0	1.913260799460412e-09	886.087218071	1.636900906205019e-07
chr9	20702200	20702400	2	0	1.913260799460412e-09	886.087218071	1.636900906205019e-07
chr9	69837400	69837600	2	0	1.913260799460412e-09	886.087218071	1.636900906205019e-07
chr9	86917000	86917200	2	0	1.913260799460412e-09	886.087218071	1.636900906205019e-07
