chrY	2861000	2861600	2	2	1	1.0	1
chrY	2876800	2877400	2	2	1	1.0	1
chrY	2882400	2883400	2	2	1	1.0	1
chrY	2900000	2901600	3	3	1	1.0	1
chrX	6514600	6515000	2	2	1	1.0	1
chrX	10913400	10914200	2	2	1	1.0	1
chrX	12835800	12836800	2	2	1	1.0	1
chrX	12858000	12858800	3	3	1	1.0	1
chrX	34348200	34348800	2	2	1	1.0	1
chrX	48558400	48559200	2	2	1	1.0	1
chrX	58784400	58785000	2	2	1	1.0	1
chrX	65563600	65564400	2	2	1	1.0	1
chrX	68809200	68810200	2	2	1	1.0	1
chrX	86486600	86487600	2	2	1	1.0	1
chrX	91367800	91368800	2	2	1	1.0	1
chrX	92065000	92065800	2	2	1	1.0	1
chrX	98656400	98657200	2	2	1	1.0	1
chrX	98959400	98960800	3	3	1	1.0	1
chrX	106028400	106029400	2	2	1	1.0	1
chrX	109598200	109598600	2	2	1	1.0	1
chrX	120128600	120129600	2	2	1	1.0	1
chrX	130842200	130843000	2	2	1	1.0	1
chrX	133275600	133276800	3	3	1	1.0	1
chrX	137053200	137053600	2	2	1	1.0	1
chrX	148932200	148933000	2	2	1	1.0	1
chr13	3916800	3917400	2	2	1	1.0	1
chr13	4712200	4713000	2	2	1	1.0	1
chr13	13837000	13837600	2	2	1	1.0	1
chr13	14722400	14723000	2	2	1	1.0	1
chr13	20574200	20574800	2	2	1	1.0	1
chr13	23460400	23461000	2	2	1	1.0	1
chr13	23712800	23714200	4	4	1	1.0	1
chr13	23943800	23944400	2	2	1	1.0	1
chr13	24507400	24508400	3	3	1	1.0	1
chr13	24577200	24577600	2	2	1	1.0	1
chr13	24707000	24707800	2	2	1	1.0	1
chr13	24853400	24854400	2	2	1	1.0	1
chr13	33168400	33169200	2	2	1	1.0	1
chr13	34703400	34704000	2	2	1	1.0	1
chr13	36104200	36104600	2	2	1	1.0	1
chr13	38018800	38019400	2	2	1	1.0	1
chr13	38726600	38727000	2	2	1	1.0	1
chr13	42146800	42147800	2	2	1	1.0	1
chr13	42190800	42191600	2	2	1	1.0	1
chr13	43398600	43399200	2	2	1	1.0	1
chr13	43576400	43577000	2	2	1	1.0	1
chr13	46013600	46014600	2	2	1	1.0	1
chr13	46018400	46019400	2	2	1	1.0	1
chr13	47297600	47298000	2	2	1	1.0	1
chr13	49748000	49748600	2	2	1	1.0	1
chr13	52888400	52889000	2	2	1	1.0	1
chr13	53494400	53495400	2	2	1	1.0	1
chr13	54569600	54570000	2	2	1	1.0	1
chr13	54788600	54789600	3	3	1	1.0	1
chr13	55312000	55312800	2	2	1	1.0	1
chr13	55816200	55816800	2	2	1	1.0	1
chr13	58504000	58505200	3	3	1	1.0	1
chr13	61149000	61149400	2	2	1	1.0	1
chr13	62080200	62080600	2	2	1	1.0	1
chr13	63461600	63462400	2	2	1	1.0	1
chr13	63635800	63636600	2	2	1	1.0	1
chr13	70755800	70756800	2	2	1	1.0	1
chr13	73741400	73742400	2	2	1	1.0	1
chr13	77578200	77578400	2	2	1	1.0	1
chr13	93431200	93432200	2	2	1	1.0	1
chr13	98673200	98673800	2	2	1	1.0	1
chr13	99032400	99033400	3	3	1	1.0	1
chr13	99659800	99660800	2	2	1	1.0	1
chr13	106437600	106438600	2	2	1	1.0	1
chr13	110409200	110410200	2	2	1	1.0	1
chr13	110612600	110613600	2	2	1	1.0	1
chr13	110693000	110694000	2	2	1	1.0	1
chr13	112180800	112181400	2	2	1	1.0	1
chr13	112598200	112598800	2	2	1	1.0	1
chr13	113079000	113079600	2	2	1	1.0	1
chr13	114390400	114391400	2	2	1	1.0	1
chr12	3235800	3236200	2	2	1	1.0	1
chr12	3321600	3322200	2	2	1	1.0	1
chr12	4233800	4234600	2	2	1	1.0	1
chr12	4483600	4484600	3	3	1	1.0	1
chr12	8238200	8239000	2	2	1	1.0	1
chr12	15820800	15821600	2	2	1	1.0	1
chr12	25874000	25875000	2	2	1	1.0	1
chr12	25924200	25924800	2	2	1	1.0	1
chr12	29436400	29437400	3	3	1	1.0	1
chr12	32633400	32634800	3	3	1	1.0	1
chr12	40566800	40567800	2	2	1	1.0	1
chr12	55050600	55051600	2	2	1	1.0	1
chr12	55811200	55812000	2	2	1	1.0	1
chr12	56404000	56404800	2	2	1	1.0	1
chr12	56593200	56593600	3	3	1	1.0	1
chr12	58331400	58331800	2	2	1	1.0	1
chr12	60317600	60318200	2	2	1	1.0	1
chr12	70464400	70465000	2	2	1	1.0	1
chr12	70472600	70473600	2	2	1	1.0	1
chr12	70548600	70549000	2	2	1	1.0	1
chr12	74706400	74707600	3	3	1	1.0	1
chr12	74816200	74816800	2	2	1	1.0	1
chr12	75009600	75010000	2	2	1	1.0	1
chr12	76770800	76771600	2	2	1	1.0	1
chr12	77470800	77471400	2	2	1	1.0	1
chr12	78061800	78062600	2	2	1	1.0	1
chr12	80107000	80107400	2	2	1	1.0	1
chr12	80588800	80589200	2	2	1	1.0	1
chr12	85508000	85509000	2	2	1	1.0	1
chr12	87027400	87028200	2	2	1	1.0	1
chr12	87044000	87044600	2	2	1	1.0	1
chr12	87086400	87087400	2	2	1	1.0	1
chr12	92827600	92828000	2	2	1	1.0	1
chr12	99506800	99507600	2	2	1	1.0	1
chr12	100630600	100631400	3	3	1	1.0	1
chr12	100645400	100646000	2	2	1	1.0	1
chr12	101425200	101426200	2	2	1	1.0	1
chr12	104004400	104005200	2	2	1	1.0	1
chr12	109170000	109170600	2	2	1	1.0	1
chr12	109209800	109210200	2	2	1	1.0	1
chr12	111723400	111724000	2	2	1	1.0	1
chr12	111938800	111939600	2	2	1	1.0	1
chr12	112399600	112400200	2	2	1	1.0	1
chr12	112404200	112405000	2	2	1	1.0	1
chr12	114098600	114099600	2	2	1	1.0	1
chr12	114662600	114663400	2	2	1	1.0	1
chr12	117643800	117644400	2	2	1	1.0	1
chr12	119567400	119568400	2	2	1	1.0	1
chr12	119615400	119616000	2	2	1	1.0	1
chr11	3023400	3024000	2	2	1	1.0	1
chr11	3041800	3043400	4	4	1	1.0	1
chr11	3059000	3060600	3	3	1	1.0	1
chr11	3063600	3064400	2	2	1	1.0	1
chr11	3065400	3066400	2	2	1	1.0	1
chr11	3070800	3071200	2	2	1	1.0	1
chr11	3087000	3088200	3	3	1	1.0	1
chr11	3352000	3352800	2	2	1	1.0	1
chr11	4059400	4060000	2	2	1	1.0	1
chr11	5236600	5237600	2	2	1	1.0	1
chr11	5421200	5422600	4	4	1	1.0	1
chr11	5778000	5778800	2	2	1	1.0	1
chr11	6100000	6100400	2	2	1	1.0	1
chr11	6427000	6428000	2	2	1	1.0	1
chr11	11456400	11457200	2	2	1	1.0	1
chr11	11586000	11586600	2	2	1	1.0	1
chr11	11593000	11593800	2	2	1	1.0	1
chr11	11635800	11636400	2	2	1	1.0	1
chr11	20298600	20299400	2	2	1	1.0	1
chr11	21270400	21271000	2	2	1	1.0	1
chr11	22743400	22744000	2	2	1	1.0	1
chr11	22753000	22753600	2	2	1	1.0	1
chr11	22758600	22759600	2	2	1	1.0	1
chr11	23207000	23207400	2	2	1	1.0	1
chr11	23635000	23635400	2	2	1	1.0	1
chr11	29593200	29593600	2	2	1	1.0	1
chr11	30090200	30091000	2	2	1	1.0	1
chr11	32218400	32219000	2	2	1	1.0	1
chr11	32442400	32443000	2	2	1	1.0	1
chr11	34593200	34594200	2	2	1	1.0	1
chr11	44333400	44334600	3	3	1	1.0	1
chr11	46122000	46123000	2	2	1	1.0	1
chr11	46125200	46125600	2	2	1	1.0	1
chr11	48630200	48630800	2	2	1	1.0	1
chr11	50105400	50105800	2	2	1	1.0	1
chr11	51232000	51232800	2	2	1	1.0	1
chr11	51656200	51656800	2	2	1	1.0	1
chr11	51813400	51814200	2	2	1	1.0	1
chr11	52088200	52089000	2	2	1	1.0	1
chr11	52107600	52108200	2	2	1	1.0	1
chr11	53243600	53244200	2	2	1	1.0	1
chr11	53588800	53589800	2	2	1	1.0	1
chr11	54679400	54680200	2	2	1	1.0	1
chr11	57765200	57765800	2	2	1	1.0	1
chr11	58136400	58136800	2	2	1	1.0	1
chr11	58790600	58791200	2	2	1	1.0	1
chr11	59041000	59041400	2	2	1	1.0	1
chr11	59652800	59653400	2	2	1	1.0	1
chr11	59945200	59945800	2	2	1	1.0	1
chr11	64792600	64793600	3	3	1	1.0	1
chr11	65210400	65211000	2	2	1	1.0	1
chr11	68255000	68255600	2	2	1	1.0	1
chr11	68911800	68913000	3	3	1	1.0	1
chr11	69572000	69572400	2	2	1	1.0	1
chr11	69733600	69734400	2	2	1	1.0	1
chr11	70264800	70265600	2	2	1	1.0	1
chr11	70832400	70833200	2	2	1	1.0	1
chr11	72114600	72115000	2	2	1	1.0	1
chr11	72115800	72117200	3	3	1	1.0	1
chr11	72503800	72504400	2	2	1	1.0	1
chr11	72609800	72610400	2	2	1	1.0	1
chr11	74106000	74107000	2	2	1	1.0	1
chr11	74369000	74370200	3	3	1	1.0	1
chr11	74463000	74463600	2	2	1	1.0	1
chr11	74739000	74739400	2	2	1	1.0	1
chr11	74772400	74773200	2	2	1	1.0	1
chr11	75344200	75345000	2	2	1	1.0	1
chr11	75377800	75378200	2	2	1	1.0	1
chr11	77162200	77163200	2	2	1	1.0	1
chr11	77783200	77783800	2	2	1	1.0	1
chr11	80242200	80243400	3	3	1	1.0	1
chr11	80317400	80318600	3	3	1	1.0	1
chr11	80321200	80321800	2	2	1	1.0	1
chr11	81917000	81918000	2	2	1	1.0	1
chr11	83039000	83039600	2	2	1	1.0	1
chr11	83040400	83041000	2	2	1	1.0	1
chr11	86171400	86171800	2	2	1	1.0	1
chr11	86380400	86381400	2	2	1	1.0	1
chr11	86399200	86401400	5	5	1	1.0	1
chr11	86440800	86441600	2	2	1	1.0	1
chr11	86459800	86460800	2	2	1	1.0	1
chr11	86570600	86571600	2	2	1	1.0	1
chr11	86775200	86776200	2	2	1	1.0	1
chr11	87550400	87551400	2	2	1	1.0	1
chr11	88459600	88460600	2	2	1	1.0	1
chr11	89327400	89327800	2	2	1	1.0	1
chr11	90124600	90125800	3	3	1	1.0	1
chr11	93747600	93748000	2	2	1	1.0	1
chr11	95171200	95171800	2	2	1	1.0	1
chr11	96806800	96807800	2	2	1	1.0	1
chr11	97861600	97862600	2	2	1	1.0	1
chr11	98406600	98407400	2	2	1	1.0	1
chr11	98565800	98566200	2	2	1	1.0	1
chr11	100721000	100722000	2	2	1	1.0	1
chr11	101162600	101163600	2	2	1	1.0	1
chr11	102179600	102180600	2	2	1	1.0	1
chr11	104469400	104469800	2	2	1	1.0	1
chr11	105042200	105043200	2	2	1	1.0	1
chr11	105772000	105772800	2	2	1	1.0	1
chr11	106020400	106021400	3	3	1	1.0	1
chr11	106248600	106249400	2	2	1	1.0	1
chr11	106406000	106407000	2	2	1	1.0	1
chr11	106527800	106528600	2	2	1	1.0	1
chr11	106935200	106936000	2	2	1	1.0	1
chr11	107429000	107429800	2	2	1	1.0	1
chr11	108039800	108040400	2	2	1	1.0	1
chr11	108041400	108041800	2	2	1	1.0	1
chr11	108084800	108085400	2	2	1	1.0	1
chr11	109333000	109333800	2	2	1	1.0	1
chr11	109532200	109532800	2	2	1	1.0	1
chr11	111780600	111781200	2	2	1	1.0	1
chr11	114669000	114669600	2	2	1	1.0	1
chr11	115494000	115494600	2	2	1	1.0	1
chr11	115795000	115795800	2	2	1	1.0	1
chr11	116403000	116403800	2	2	1	1.0	1
chr11	116532400	116533600	3	3	1	1.0	1
chr11	117195200	117195800	2	2	1	1.0	1
chr11	118007200	118007600	2	2	1	1.0	1
chr11	118082400	118083400	2	2	1	1.0	1
chr11	118097800	118098400	2	2	1	1.0	1
chr11	120442000	120443400	3	3	1	1.0	1
chr11	120494800	120495000	2	2	1	1.0	1
chr11	121120800	121121600	2	2	1	1.0	1
chr11	121198000	121198400	2	2	1	1.0	1
chr10	6221600	6222600	2	2	1	1.0	1
chr10	6266600	6267400	2	2	1	1.0	1
chr10	7674600	7676600	4	4	1	1.0	1
chr10	12912000	12912800	2	2	1	1.0	1
chr10	17443400	17444200	2	2	1	1.0	1
chr10	18907000	18908000	2	2	1	1.0	1
chr10	19297600	19298600	2	2	1	1.0	1
chr10	20031400	20032000	2	2	1	1.0	1
chr10	20745600	20746600	2	2	1	1.0	1
chr10	21016000	21016400	2	2	1	1.0	1
chr10	21125200	21126200	2	2	1	1.0	1
chr10	21530400	21531200	2	2	1	1.0	1
chr10	26044600	26045400	2	2	1	1.0	1
chr10	34137800	34138400	2	2	1	1.0	1
chr10	39088600	39089600	2	2	1	1.0	1
chr10	39093200	39094200	2	2	1	1.0	1
chr10	39132800	39133600	2	2	1	1.0	1
chr10	39175400	39176200	2	2	1	1.0	1
chr10	39207000	39208000	2	2	1	1.0	1
chr10	41172600	41173400	2	2	1	1.0	1
chr10	42579200	42580600	3	3	1	1.0	1
chr10	44167800	44168600	2	2	1	1.0	1
chr10	44800200	44800800	2	2	1	1.0	1
chr10	53316200	53316400	2	2	1	1.0	1
chr10	58684000	58685000	2	2	1	1.0	1
chr10	59813600	59814400	2	2	1	1.0	1
chr10	60609800	60610600	2	2	1	1.0	1
chr10	61969800	61970200	2	2	1	1.0	1
chr10	62006600	62007200	2	2	1	1.0	1
chr10	62040400	62041200	2	2	1	1.0	1
chr10	62113800	62114400	2	2	1	1.0	1
chr10	66511600	66512200	2	2	1	1.0	1
chr10	66559400	66560000	2	2	1	1.0	1
chr10	67702800	67704200	3	3	1	1.0	1
chr10	74782800	74783200	2	2	1	1.0	1
chr10	74980200	74981200	2	2	1	1.0	1
chr10	77085200	77085800	2	2	1	1.0	1
chr10	77647400	77648200	2	2	1	1.0	1
chr10	77762400	77763000	2	2	1	1.0	1
chr10	78927600	78928200	2	2	1	1.0	1
chr10	79006800	79007600	2	2	1	1.0	1
chr10	79535800	79536600	2	2	1	1.0	1
chr10	79537800	79538600	2	2	1	1.0	1
chr10	79578000	79578800	2	2	1	1.0	1
chr10	80131800	80132800	2	2	1	1.0	1
chr10	80161800	80162600	2	2	1	1.0	1
chr10	80261200	80262600	3	3	1	1.0	1
chr10	80569000	80570200	3	3	1	1.0	1
chr10	80783200	80784200	2	2	1	1.0	1
chr10	80960800	80961200	2	2	1	1.0	1
chr10	82093000	82093600	2	2	1	1.0	1
chr10	82161000	82161600	2	2	1	1.0	1
chr10	82832400	82833200	2	2	1	1.0	1
chr10	86311400	86311800	2	2	1	1.0	1
chr10	86346400	86347000	2	2	1	1.0	1
chr10	87665600	87666400	2	2	1	1.0	1
chr10	88047000	88047800	2	2	1	1.0	1
chr10	95402800	95403600	2	2	1	1.0	1
chr10	96933000	96933800	2	2	1	1.0	1
chr10	98589400	98590200	2	2	1	1.0	1
chr10	98724000	98724600	2	2	1	1.0	1
chr10	107599400	107600000	2	2	1	1.0	1
chr10	110446800	110447400	2	2	1	1.0	1
chr10	111433400	111434000	2	2	1	1.0	1
chr10	117137200	117138200	2	2	1	1.0	1
chr10	117355400	117356200	2	2	1	1.0	1
chr10	117897400	117897800	2	2	1	1.0	1
chr10	118440800	118441400	2	2	1	1.0	1
chr10	122117000	122117600	2	2	1	1.0	1
chr10	122422200	122422800	2	2	1	1.0	1
chr10	123760800	123761800	2	2	1	1.0	1
chr10	126467200	126467800	2	2	1	1.0	1
chr10	126748200	126749000	2	2	1	1.0	1
chr10	127080000	127080600	2	2	1	1.0	1
chr10	127961400	127962400	2	2	1	1.0	1
chr10	128002600	128003200	2	2	1	1.0	1
chr10	128141400	128142000	2	2	1	1.0	1
chr10	128177800	128178400	2	2	1	1.0	1
chr17	3081400	3081800	2	2	1	1.0	1
chr17	3114600	3115200	2	2	1	1.0	1
chr17	3445600	3446400	2	2	1	1.0	1
chr17	6946200	6947200	2	2	1	1.0	1
chr17	7032000	7033000	2	2	1	1.0	1
chr17	7164800	7165400	2	2	1	1.0	1
chr17	7351600	7352400	2	2	1	1.0	1
chr17	12297400	12298200	2	2	1	1.0	1
chr17	13405000	13405800	2	2	1	1.0	1
chr17	15147200	15148000	2	2	1	1.0	1
chr17	21611200	21612200	2	2	1	1.0	1
chr17	24857200	24857600	2	2	1	1.0	1
chr17	25022800	25023800	3	3	1	1.0	1
chr17	25031800	25032800	2	2	1	1.0	1
chr17	25321000	25321800	2	2	1	1.0	1
chr17	25998600	25999000	2	2	1	1.0	1
chr17	26645400	26646400	3	3	1	1.0	1
chr17	26698600	26699200	2	2	1	1.0	1
chr17	27771600	27772000	2	2	1	1.0	1
chr17	28465600	28466200	2	2	1	1.0	1
chr17	28622000	28623000	3	3	1	1.0	1
chr17	28659200	28660000	2	2	1	1.0	1
chr17	29379200	29380000	2	2	1	1.0	1
chr17	29400000	29400800	2	2	1	1.0	1
chr17	29530400	29531200	2	2	1	1.0	1
chr17	30141400	30142200	2	2	1	1.0	1
chr17	30290000	30290800	2	2	1	1.0	1
chr17	33897000	33897800	2	2	1	1.0	1
chr17	33961000	33961800	2	2	1	1.0	1
chr17	34199600	34200200	2	2	1	1.0	1
chr17	34254000	34255000	2	2	1	1.0	1
chr17	34257200	34257800	2	2	1	1.0	1
chr17	34986800	34987600	2	2	1	1.0	1
chr17	35272600	35273200	2	2	1	1.0	1
chr17	35562000	35563000	2	2	1	1.0	1
chr17	36407600	36408400	2	2	1	1.0	1
chr17	39980000	39981800	5	5	1	1.0	1
chr17	44749800	44750200	2	2	1	1.0	1
chr17	45997200	45998200	2	2	1	1.0	1
chr17	46993200	46993600	2	2	1	1.0	1
chr17	48880400	48881000	2	2	1	1.0	1
chr17	54040200	54041200	2	2	1	1.0	1
chr17	56322200	56322800	2	2	1	1.0	1
chr17	57418400	57419000	2	2	1	1.0	1
chr17	63573600	63574000	2	2	1	1.0	1
chr17	66133000	66134400	3	3	1	1.0	1
chr17	66861800	66862200	2	2	1	1.0	1
chr17	71834800	71836600	4	4	1	1.0	1
chr17	71947800	71948200	2	2	1	1.0	1
chr16	8886800	8887200	2	2	1	1.0	1
chr16	10484000	10484600	2	2	1	1.0	1
chr16	10585000	10585600	2	2	1	1.0	1
chr16	10836200	10837600	3	3	1	1.0	1
chr16	11198200	11199200	2	2	1	1.0	1
chr16	11203000	11203600	2	2	1	1.0	1
chr16	11247600	11248400	2	2	1	1.0	1
chr16	13410000	13411000	2	2	1	1.0	1
chr16	13608200	13608800	2	2	1	1.0	1
chr16	14316600	14317400	2	2	1	1.0	1
chr16	17289000	17290000	2	2	1	1.0	1
chr16	17452200	17452800	2	2	1	1.0	1
chr16	17734400	17735200	2	2	1	1.0	1
chr16	18498200	18498800	2	2	1	1.0	1
chr16	19904800	19905400	2	2	1	1.0	1
chr16	20902000	20902800	2	2	1	1.0	1
chr16	24164600	24165200	2	2	1	1.0	1
chr16	29669400	29670200	2	2	1	1.0	1
chr16	30678800	30679200	2	2	1	1.0	1
chr16	31664000	31664800	3	3	1	1.0	1
chr16	32043200	32044000	2	2	1	1.0	1
chr16	38522400	38523600	3	3	1	1.0	1
chr16	42876000	42876400	2	2	1	1.0	1
chr16	43694000	43694600	2	2	1	1.0	1
chr16	44140000	44140400	2	2	1	1.0	1
chr16	49798800	49799200	2	2	1	1.0	1
chr16	49855400	49856400	2	2	1	1.0	1
chr16	52452600	52453400	2	2	1	1.0	1
chr16	54908600	54909400	2	2	1	1.0	1
chr16	60826600	60826800	2	2	1	1.0	1
chr16	64851200	64851600	2	2	1	1.0	1
chr16	78467400	78468400	2	2	1	1.0	1
chr16	84597200	84597800	2	2	1	1.0	1
chr15	3976400	3977000	2	2	1	1.0	1
chr15	7140600	7141200	2	2	1	1.0	1
chr15	8229400	8229800	2	2	1	1.0	1
chr15	14805000	14805600	2	2	1	1.0	1
chr15	36618200	36618600	2	2	1	1.0	1
chr15	38565800	38566400	2	2	1	1.0	1
chr15	51643000	51643600	2	2	1	1.0	1
chr15	53112400	53113400	2	2	1	1.0	1
chr15	57966000	57966400	2	2	1	1.0	1
chr15	59428200	59429200	2	2	1	1.0	1
chr15	59431000	59431800	2	2	1	1.0	1
chr15	64037400	64038200	2	2	1	1.0	1
chr15	66644000	66644600	2	2	1	1.0	1
chr15	66691600	66693000	3	3	1	1.0	1
chr15	66693800	66694800	2	2	1	1.0	1
chr15	67846000	67846800	2	2	1	1.0	1
chr15	68089800	68090600	2	2	1	1.0	1
chr15	72992800	72993400	2	2	1	1.0	1
chr15	73013200	73015200	4	4	1	1.0	1
chr15	73057800	73058800	2	2	1	1.0	1
chr15	74822200	74822800	2	2	1	1.0	1
chr15	77735600	77736200	2	2	1	1.0	1
chr15	77800600	77801000	2	2	1	1.0	1
chr15	78340600	78341200	2	2	1	1.0	1
chr15	79204800	79205800	2	2	1	1.0	1
chr15	79726400	79727000	2	2	1	1.0	1
chr15	80085600	80086200	2	2	1	1.0	1
chr15	81416000	81416400	2	2	1	1.0	1
chr15	82074400	82075000	2	2	1	1.0	1
chr15	82176400	82176800	2	2	1	1.0	1
chr15	82804600	82805200	2	2	1	1.0	1
chr15	82930200	82931000	2	2	1	1.0	1
chr15	83771000	83772000	2	2	1	1.0	1
chr15	84867200	84867800	2	2	1	1.0	1
chr15	89259400	89260600	3	3	1	1.0	1
chr15	94373800	94374200	2	2	1	1.0	1
chr15	96291200	96291800	2	2	1	1.0	1
chr15	96470600	96471600	2	2	1	1.0	1
chr15	97192800	97193800	2	2	1	1.0	1
chr15	97655800	97656200	2	2	1	1.0	1
chr15	98353600	98354600	2	2	1	1.0	1
chr15	98823400	98824000	2	2	1	1.0	1
chr15	99017400	99018400	2	2	1	1.0	1
chr15	99803200	99804200	2	2	1	1.0	1
chr14	7383000	7383600	2	2	1	1.0	1
chr14	8825400	8826000	2	2	1	1.0	1
chr14	12073600	12074000	2	2	1	1.0	1
chr14	17198000	17198200	2	2	1	1.0	1
chr14	20453400	20454400	2	2	1	1.0	1
chr14	21165800	21167600	3	3	1	1.0	1
chr14	21365600	21366000	2	2	1	1.0	1
chr14	21930800	21931800	2	2	1	1.0	1
chr14	21932600	21933400	2	2	1	1.0	1
chr14	26678400	26679000	2	2	1	1.0	1
chr14	27517800	27518600	2	2	1	1.0	1
chr14	30177200	30178200	2	2	1	1.0	1
chr14	32483400	32484400	2	2	1	1.0	1
chr14	34918600	34919400	2	2	1	1.0	1
chr14	35123000	35123800	2	2	1	1.0	1
chr14	48092200	48092600	2	2	1	1.0	1
chr14	49839000	49840000	2	2	1	1.0	1
chr14	53110200	53111200	2	2	1	1.0	1
chr14	55513200	55513600	2	2	1	1.0	1
chr14	55633600	55634000	2	2	1	1.0	1
chr14	56904000	56904400	2	2	1	1.0	1
chr14	59960000	59960600	2	2	1	1.0	1
chr14	61342200	61342800	2	2	1	1.0	1
chr14	62301600	62302200	2	2	1	1.0	1
chr14	62356200	62357000	2	2	1	1.0	1
chr14	62642000	62643800	3	3	1	1.0	1
chr14	70574800	70575400	2	2	1	1.0	1
chr14	73725400	73725800	2	2	1	1.0	1
chr14	75345800	75347400	3	3	1	1.0	1
chr14	76302600	76303200	2	2	1	1.0	1
chr14	79769800	79770400	2	2	1	1.0	1
chr14	87542600	87543200	2	2	1	1.0	1
chr14	87871400	87873400	4	4	1	1.0	1
chr14	99445600	99446600	2	2	1	1.0	1
chr19	4292800	4293200	2	2	1	1.0	1
chr19	5609800	5610400	2	2	1	1.0	1
chr19	5691800	5692600	2	2	1	1.0	1
chr19	5703800	5704600	2	2	1	1.0	1
chr19	6296800	6297800	2	2	1	1.0	1
chr19	6341400	6342000	2	2	1	1.0	1
chr19	6363000	6364200	3	3	1	1.0	1
chr19	7369000	7369400	2	2	1	1.0	1
chr19	8895000	8895600	2	2	1	1.0	1
chr19	9027800	9028600	2	2	1	1.0	1
chr19	9055000	9055800	2	2	1	1.0	1
chr19	10013200	10014600	4	4	1	1.0	1
chr19	10830200	10831200	2	2	1	1.0	1
chr19	11125000	11125400	2	2	1	1.0	1
chr19	12040600	12041400	2	2	1	1.0	1
chr19	12648600	12649600	2	2	1	1.0	1
chr19	14427600	14428200	2	2	1	1.0	1
chr19	15392600	15393600	2	2	1	1.0	1
chr19	18787000	18787600	2	2	1	1.0	1
chr19	19462000	19463000	2	2	1	1.0	1
chr19	21728000	21728400	2	2	1	1.0	1
chr19	26036200	26037000	2	2	1	1.0	1
chr19	29528200	29529200	2	2	1	1.0	1
chr19	32284800	32285400	2	2	1	1.0	1
chr19	34210400	34211000	2	2	1	1.0	1
chr19	41429000	41429800	2	2	1	1.0	1
chr19	44357000	44358400	3	3	1	1.0	1
chr19	45855200	45856000	2	2	1	1.0	1
chr19	46112400	46113200	2	2	1	1.0	1
chr19	46587200	46587800	2	2	1	1.0	1
chr19	47036600	47037000	2	2	1	1.0	1
chr19	47581200	47581800	2	2	1	1.0	1
chr19	47805800	47806800	2	2	1	1.0	1
chr19	49512800	49513800	2	2	1	1.0	1
chr19	52587200	52587800	2	2	1	1.0	1
chr19	53272800	53273200	2	2	1	1.0	1
chr19	53497200	53498000	2	2	1	1.0	1
chr19	53502600	53503200	2	2	1	1.0	1
chr19	53539800	53540600	2	2	1	1.0	1
chr19	53630200	53630800	2	2	1	1.0	1
chr19	56622800	56623400	3	3	1	1.0	1
chr19	56663600	56664600	2	2	1	1.0	1
chr19	57190600	57192200	3	3	1	1.0	1
chr19	57435600	57436400	2	2	1	1.0	1
chr19	57616400	57617400	2	2	1	1.0	1
chr19	58842800	58843800	2	2	1	1.0	1
chr18	3005800	3006600	2	2	1	1.0	1
chr18	4352200	4353000	2	2	1	1.0	1
chr18	7868800	7869400	2	2	1	1.0	1
chr18	10617800	10618600	3	3	1	1.0	1
chr18	12279000	12280000	2	2	1	1.0	1
chr18	13031000	13031800	2	2	1	1.0	1
chr18	21303600	21305200	3	3	1	1.0	1
chr18	21433000	21434000	2	2	1	1.0	1
chr18	23056200	23056600	2	2	1	1.0	1
chr18	23966200	23967000	2	2	1	1.0	1
chr18	28820600	28821400	2	2	1	1.0	1
chr18	34666200	34667000	2	2	1	1.0	1
chr18	35113000	35115200	4	4	1	1.0	1
chr18	35715400	35716000	2	2	1	1.0	1
chr18	36078200	36079000	2	2	1	1.0	1
chr18	36719200	36719600	2	2	1	1.0	1
chr18	36839400	36840000	2	2	1	1.0	1
chr18	36895000	36895400	2	2	1	1.0	1
chr18	42312000	42312600	2	2	1	1.0	1
chr18	46901000	46902000	2	2	1	1.0	1
chr18	50139000	50140000	2	2	1	1.0	1
chr18	53701800	53702600	2	2	1	1.0	1
chr18	54022000	54022600	2	2	1	1.0	1
chr18	61558000	61558600	2	2	1	1.0	1
chr18	63436400	63437000	2	2	1	1.0	1
chr18	65555000	65556000	2	2	1	1.0	1
chr18	67577600	67578200	2	2	1	1.0	1
chr18	67800800	67801400	2	2	1	1.0	1
chr18	70781800	70782400	2	2	1	1.0	1
chr18	74702800	74703400	2	2	1	1.0	1
chr18	77211200	77211600	2	2	1	1.0	1
chr7	4452800	4453200	2	2	1	1.0	1
chr7	4858800	4859600	2	2	1	1.0	1
chr7	4972400	4974200	3	3	1	1.0	1
chr7	6107600	6108200	2	2	1	1.0	1
chr7	6468600	6469400	2	2	1	1.0	1
chr7	7073800	7074600	2	2	1	1.0	1
chr7	7250800	7252200	3	3	1	1.0	1
chr7	13535400	13536000	2	2	1	1.0	1
chr7	13623200	13624200	2	2	1	1.0	1
chr7	16629600	16630600	2	2	1	1.0	1
chr7	16986000	16987000	2	2	1	1.0	1
chr7	17611200	17611800	2	2	1	1.0	1
chr7	19777600	19778400	2	2	1	1.0	1
chr7	20035600	20036600	2	2	1	1.0	1
chr7	20405200	20406000	2	2	1	1.0	1
chr7	25155200	25156200	2	2	1	1.0	1
chr7	25292400	25293200	2	2	1	1.0	1
chr7	25756600	25757400	3	3	1	1.0	1
chr7	26443600	26444600	2	2	1	1.0	1
chr7	28582400	28582800	2	2	1	1.0	1
chr7	29165800	29167200	3	3	1	1.0	1
chr7	29573200	29574200	2	2	1	1.0	1
chr7	31319800	31320400	2	2	1	1.0	1
chr7	31434600	31435000	2	2	1	1.0	1
chr7	34312400	34313200	2	2	1	1.0	1
chr7	51501400	51501800	2	2	1	1.0	1
chr7	51996200	51996600	2	2	1	1.0	1
chr7	52361800	52362400	2	2	1	1.0	1
chr7	52382600	52383600	2	2	1	1.0	1
chr7	54174600	54175000	2	2	1	1.0	1
chr7	59117200	59117600	2	2	1	1.0	1
chr7	59491800	59492800	2	2	1	1.0	1
chr7	63305600	63306600	2	2	1	1.0	1
chr7	65939000	65939400	2	2	1	1.0	1
chr7	66036600	66037200	2	2	1	1.0	1
chr7	66484600	66485200	2	2	1	1.0	1
chr7	68143000	68143800	2	2	1	1.0	1
chr7	72817000	72817400	2	2	1	1.0	1
chr7	74261000	74261800	2	2	1	1.0	1
chr7	74517400	74518000	2	2	1	1.0	1
chr7	75322600	75323600	2	2	1	1.0	1
chr7	75430000	75430600	2	2	1	1.0	1
chr7	80762800	80764400	4	4	1	1.0	1
chr7	82732200	82732600	2	2	1	1.0	1
chr7	82934000	82934800	2	2	1	1.0	1
chr7	83109000	83110000	2	2	1	1.0	1
chr7	85926800	85928400	3	3	1	1.0	1
chr7	85991200	85992000	2	2	1	1.0	1
chr7	87253000	87253800	2	2	1	1.0	1
chr7	87547600	87548000	2	2	1	1.0	1
chr7	88138000	88138800	2	2	1	1.0	1
chr7	88490000	88490800	2	2	1	1.0	1
chr7	89915800	89916400	2	2	1	1.0	1
chr7	90802400	90803400	2	2	1	1.0	1
chr7	91541800	91542200	2	2	1	1.0	1
chr7	97189800	97190800	2	2	1	1.0	1
chr7	99709800	99710800	2	2	1	1.0	1
chr7	99785400	99786200	2	2	1	1.0	1
chr7	105804800	105805400	2	2	1	1.0	1
chr7	106289400	106290000	2	2	1	1.0	1
chr7	108362800	108363800	2	2	1	1.0	1
chr7	108449800	108450200	2	2	1	1.0	1
chr7	108712000	108713000	2	2	1	1.0	1
chr7	108728800	108729800	2	2	1	1.0	1
chr7	116895600	116896200	2	2	1	1.0	1
chr7	117252600	117253400	2	2	1	1.0	1
chr7	118213200	118214000	2	2	1	1.0	1
chr7	119273200	119274200	2	2	1	1.0	1
chr7	121559200	121560200	2	2	1	1.0	1
chr7	125255800	125256400	2	2	1	1.0	1
chr7	125280000	125280800	2	2	1	1.0	1
chr7	129746600	129747400	2	2	1	1.0	1
chr7	130267400	130268000	2	2	1	1.0	1
chr7	134027200	134028200	2	2	1	1.0	1
chr7	134462000	134462800	2	2	1	1.0	1
chr7	136859200	136860000	2	2	1	1.0	1
chr7	137662600	137663000	2	2	1	1.0	1
chr7	139926000	139926600	2	2	1	1.0	1
chr7	146038000	146038600	2	2	1	1.0	1
chr7	147294000	147294800	2	2	1	1.0	1
chr7	148041600	148042200	2	2	1	1.0	1
chr7	148253600	148254200	2	2	1	1.0	1
chr7	148282200	148282800	2	2	1	1.0	1
chr7	148633400	148633800	2	2	1	1.0	1
chr7	150265800	150266800	2	2	1	1.0	1
chr7	150823000	150823800	2	2	1	1.0	1
chr7	151953600	151954600	2	2	1	1.0	1
chr7	152436600	152437200	2	2	1	1.0	1
chr6	5247400	5248400	2	2	1	1.0	1
chr6	6397200	6397800	2	2	1	1.0	1
chr6	17587200	17587600	2	2	1	1.0	1
chr6	29998400	29999000	2	2	1	1.0	1
chr6	37821000	37821800	2	2	1	1.0	1
chr6	41484600	41486200	4	4	1	1.0	1
chr6	44216400	44217200	2	2	1	1.0	1
chr6	48691800	48692600	2	2	1	1.0	1
chr6	52664000	52664800	2	2	1	1.0	1
chr6	58809200	58810200	2	2	1	1.0	1
chr6	64992600	64993800	3	3	1	1.0	1
chr6	66065200	66065800	2	2	1	1.0	1
chr6	72494200	72495000	2	2	1	1.0	1
chr6	72887400	72888200	3	3	1	1.0	1
chr6	72961200	72961800	2	2	1	1.0	1
chr6	81873400	81874000	2	2	1	1.0	1
chr6	83406600	83407400	2	2	1	1.0	1
chr6	86798400	86799400	2	2	1	1.0	1
chr6	91061200	91061600	2	2	1	1.0	1
chr6	91633000	91634000	2	2	1	1.0	1
chr6	91656400	91656800	2	2	1	1.0	1
chr6	92041400	92042600	3	3	1	1.0	1
chr6	99534800	99535600	2	2	1	1.0	1
chr6	101491600	101492600	2	2	1	1.0	1
chr6	108787600	108788200	2	2	1	1.0	1
chr6	113604800	113605200	2	2	1	1.0	1
chr6	113900400	113900800	2	2	1	1.0	1
chr6	114474800	114475600	2	2	1	1.0	1
chr6	114483000	114483600	2	2	1	1.0	1
chr6	115494400	115495000	2	2	1	1.0	1
chr6	115628400	115628800	2	2	1	1.0	1
chr6	115757400	115758400	2	2	1	1.0	1
chr6	115803000	115803400	2	2	1	1.0	1
chr6	115955800	115956800	2	2	1	1.0	1
chr6	117858600	117859600	2	2	1	1.0	1
chr6	120032000	120033000	2	2	1	1.0	1
chr6	120861600	120862600	2	2	1	1.0	1
chr6	124691600	124692200	2	2	1	1.0	1
chr6	125141200	125142200	2	2	1	1.0	1
chr6	125215600	125216000	2	2	1	1.0	1
chr6	125303400	125304400	2	2	1	1.0	1
chr6	126653600	126654200	2	2	1	1.0	1
chr6	126889400	126890000	2	2	1	1.0	1
chr6	127099600	127100600	2	2	1	1.0	1
chr6	129179200	129180000	2	2	1	1.0	1
chr6	131337800	131338600	2	2	1	1.0	1
chr6	133985600	133986000	2	2	1	1.0	1
chr6	134196200	134197000	2	2	1	1.0	1
chr6	140571600	140573400	4	4	1	1.0	1
chr6	140657000	140658000	2	2	1	1.0	1
chr6	145085600	145086200	2	2	1	1.0	1
chr6	145197800	145198800	3	3	1	1.0	1
chr6	146344000	146344800	2	2	1	1.0	1
chr6	146582800	146583000	2	2	1	1.0	1
chr6	148160600	148161600	2	2	1	1.0	1
chr6	148893000	148894000	2	2	1	1.0	1
chr5	3344600	3345200	2	2	1	1.0	1
chr5	9161600	9162000	2	2	1	1.0	1
chr5	14250200	14251000	2	2	1	1.0	1
chr5	22055800	22056200	2	2	1	1.0	1
chr5	22938800	22939600	3	3	1	1.0	1
chr5	22940800	22941600	2	2	1	1.0	1
chr5	23122600	23123000	2	2	1	1.0	1
chr5	24347200	24348000	2	2	1	1.0	1
chr5	25257800	25258400	2	2	1	1.0	1
chr5	28118200	28119000	2	2	1	1.0	1
chr5	31171400	31172000	2	2	1	1.0	1
chr5	31209800	31210200	2	2	1	1.0	1
chr5	31797200	31797600	2	2	1	1.0	1
chr5	36042400	36043400	2	2	1	1.0	1
chr5	37139000	37140000	2	2	1	1.0	1
chr5	37231200	37232000	2	2	1	1.0	1
chr5	38655800	38656600	2	2	1	1.0	1
chr5	39360400	39360800	2	2	1	1.0	1
chr5	46560200	46561000	2	2	1	1.0	1
chr5	52581200	52581600	2	2	1	1.0	1
chr5	53980400	53981000	2	2	1	1.0	1
chr5	58909200	58910200	2	2	1	1.0	1
chr5	63157200	63157800	2	2	1	1.0	1
chr5	67767200	67768200	2	2	1	1.0	1
chr5	73142400	73142800	2	2	1	1.0	1
chr5	73143600	73144400	2	2	1	1.0	1
chr5	76613000	76613600	3	3	1	1.0	1
chr5	77695200	77695800	2	2	1	1.0	1
chr5	77738400	77739200	2	2	1	1.0	1
chr5	77815400	77816400	2	2	1	1.0	1
chr5	89210800	89211600	2	2	1	1.0	1
chr5	90795400	90795800	2	2	1	1.0	1
chr5	93634800	93635800	3	3	1	1.0	1
chr5	96465400	96466000	2	2	1	1.0	1
chr5	96590200	96590600	2	2	1	1.0	1
chr5	97425400	97426000	2	2	1	1.0	1
chr5	100270000	100270400	2	2	1	1.0	1
chr5	103806200	103807200	4	4	1	1.0	1
chr5	104182800	104183200	2	2	1	1.0	1
chr5	108329200	108329800	2	2	1	1.0	1
chr5	108495400	108495800	2	2	1	1.0	1
chr5	110536400	110537200	2	2	1	1.0	1
chr5	110564400	110565200	2	2	1	1.0	1
chr5	111104200	111104800	2	2	1	1.0	1
chr5	112364400	112365400	2	2	1	1.0	1
chr5	112755000	112755600	2	2	1	1.0	1
chr5	114280000	114280400	2	2	1	1.0	1
chr5	114925400	114926000	2	2	1	1.0	1
chr5	115000600	115001200	2	2	1	1.0	1
chr5	115224600	115225000	2	2	1	1.0	1
chr5	115346800	115347800	2	2	1	1.0	1
chr5	115722200	115722800	2	2	1	1.0	1
chr5	115939200	115940200	2	2	1	1.0	1
chr5	117609400	117610400	3	3	1	1.0	1
chr5	117838200	117838800	2	2	1	1.0	1
chr5	121225200	121226200	2	2	1	1.0	1
chr5	121654600	121655200	2	2	1	1.0	1
chr5	121995200	121996000	2	2	1	1.0	1
chr5	122110600	122111400	2	2	1	1.0	1
chr5	122683400	122684200	2	2	1	1.0	1
chr5	122734200	122734800	2	2	1	1.0	1
chr5	122951600	122952400	2	2	1	1.0	1
chr5	123228800	123229400	2	2	1	1.0	1
chr5	124664200	124665400	4	4	1	1.0	1
chr5	124803200	124804400	3	3	1	1.0	1
chr5	124831000	124831600	2	2	1	1.0	1
chr5	129839200	129840200	2	2	1	1.0	1
chr5	135114600	135115200	2	2	1	1.0	1
chr5	135644200	135645200	2	2	1	1.0	1
chr5	135663000	135664000	2	2	1	1.0	1
chr5	136385400	136386200	2	2	1	1.0	1
chr5	136646000	136646800	2	2	1	1.0	1
chr5	136926600	136927600	2	2	1	1.0	1
chr5	137591400	137592400	2	2	1	1.0	1
chr5	137943000	137944200	3	3	1	1.0	1
chr5	138227600	138228600	2	2	1	1.0	1
chr5	138558200	138559000	2	2	1	1.0	1
chr5	139776200	139777000	2	2	1	1.0	1
chr5	139847600	139848200	2	2	1	1.0	1
chr5	141421000	141421600	2	2	1	1.0	1
chr5	142612600	142613600	2	2	1	1.0	1
chr5	144670200	144671000	2	2	1	1.0	1
chr5	144861200	144862000	2	2	1	1.0	1
chr4	6812000	6812400	2	2	1	1.0	1
chr4	10711400	10712000	2	2	1	1.0	1
chr4	19635800	19636600	2	2	1	1.0	1
chr4	32336400	32337000	2	2	1	1.0	1
chr4	40957000	40958000	2	2	1	1.0	1
chr4	40971600	40972600	2	2	1	1.0	1
chr4	41082800	41083400	2	2	1	1.0	1
chr4	43364000	43365000	2	2	1	1.0	1
chr4	43491200	43491800	2	2	1	1.0	1
chr4	45898000	45898800	2	2	1	1.0	1
chr4	46007200	46008000	2	2	1	1.0	1
chr4	54889600	54890400	2	2	1	1.0	1
chr4	55363200	55364400	3	3	1	1.0	1
chr4	56234800	56235600	2	2	1	1.0	1
chr4	58924800	58925600	2	2	1	1.0	1
chr4	59343000	59344000	2	2	1	1.0	1
chr4	59617800	59618800	2	2	1	1.0	1
chr4	63071000	63071800	2	2	1	1.0	1
chr4	69182200	69183200	2	2	1	1.0	1
chr4	82948400	82948800	2	2	1	1.0	1
chr4	82960400	82961600	3	3	1	1.0	1
chr4	89298400	89299000	2	2	1	1.0	1
chr4	98822600	98823200	2	2	1	1.0	1
chr4	101184400	101185200	2	2	1	1.0	1
chr4	102786400	102787200	2	2	1	1.0	1
chr4	107990800	107991600	3	3	1	1.0	1
chr4	108251400	108252200	2	2	1	1.0	1
chr4	108789200	108790200	2	2	1	1.0	1
chr4	116373400	116373800	2	2	1	1.0	1
chr4	116798800	116799400	2	2	1	1.0	1
chr4	118220600	118221000	2	2	1	1.0	1
chr4	118780800	118781600	2	2	1	1.0	1
chr4	120242600	120243200	2	2	1	1.0	1
chr4	122562800	122563600	2	2	1	1.0	1
chr4	123490400	123491400	2	2	1	1.0	1
chr4	125879000	125880600	3	3	1	1.0	1
chr4	125933000	125933600	2	2	1	1.0	1
chr4	126106200	126106800	2	2	1	1.0	1
chr4	126359800	126360400	2	2	1	1.0	1
chr4	128425400	128426400	2	2	1	1.0	1
chr4	129012200	129013200	2	2	1	1.0	1
chr4	129250400	129251200	2	2	1	1.0	1
chr4	129486000	129486600	2	2	1	1.0	1
chr4	129495800	129497000	3	3	1	1.0	1
chr4	130461400	130462000	2	2	1	1.0	1
chr4	131104200	131104800	2	2	1	1.0	1
chr4	131901000	131901600	2	2	1	1.0	1
chr4	132324200	132324600	2	2	1	1.0	1
chr4	132398400	132399200	2	2	1	1.0	1
chr4	133287000	133287400	2	2	1	1.0	1
chr4	133308800	133309800	3	3	1	1.0	1
chr4	133396200	133397000	2	2	1	1.0	1
chr4	133419600	133420600	2	2	1	1.0	1
chr4	133654600	133655400	2	2	1	1.0	1
chr4	133719800	133720400	2	2	1	1.0	1
chr4	134726800	134727800	2	2	1	1.0	1
chr4	137072800	137073600	2	2	1	1.0	1
chr4	137165400	137166400	2	2	1	1.0	1
chr4	137549200	137550000	2	2	1	1.0	1
chr4	138907800	138908600	2	2	1	1.0	1
chr4	140596200	140597000	2	2	1	1.0	1
chr4	141114800	141115800	2	2	1	1.0	1
chr4	142549600	142550200	2	2	1	1.0	1
chr4	142802200	142802800	3	3	1	1.0	1
chr4	147525600	147526000	2	2	1	1.0	1
chr4	148205200	148206000	2	2	1	1.0	1
chr4	148394600	148395400	2	2	1	1.0	1
chr4	149147200	149148200	2	2	1	1.0	1
chr4	150282800	150284400	4	4	1	1.0	1
chr4	150874200	150874800	2	2	1	1.0	1
chr4	152311800	152312800	2	2	1	1.0	1
chr4	152740200	152741200	2	2	1	1.0	1
chr4	153509800	153510400	2	2	1	1.0	1
chr4	153911200	153911800	2	2	1	1.0	1
chr4	154266600	154267600	2	2	1	1.0	1
chr4	154301400	154302200	2	2	1	1.0	1
chr4	154338400	154339000	2	2	1	1.0	1
chr4	154423200	154424000	2	2	1	1.0	1
chr4	154975800	154976400	2	2	1	1.0	1
chr4	155024000	155025000	2	2	1	1.0	1
chr4	155318000	155318800	2	2	1	1.0	1
chr4	155399800	155400600	2	2	1	1.0	1
chr4	155570800	155572000	3	3	1	1.0	1
chr3	8923600	8924200	2	2	1	1.0	1
chr3	9320400	9321200	2	2	1	1.0	1
chr3	12781200	12782200	2	2	1	1.0	1
chr3	17922000	17922600	2	2	1	1.0	1
chr3	21975800	21976200	2	2	1	1.0	1
chr3	21977000	21977400	2	2	1	1.0	1
chr3	30691800	30692400	2	2	1	1.0	1
chr3	30993000	30993600	2	2	1	1.0	1
chr3	32296000	32296600	2	2	1	1.0	1
chr3	37050800	37051800	2	2	1	1.0	1
chr3	37701200	37702200	2	2	1	1.0	1
chr3	40357200	40358200	2	2	1	1.0	1
chr3	41546400	41547400	2	2	1	1.0	1
chr3	51357000	51357600	2	2	1	1.0	1
chr3	51873200	51873800	2	2	1	1.0	1
chr3	52160200	52161200	2	2	1	1.0	1
chr3	58218800	58219400	2	2	1	1.0	1
chr3	58329000	58330000	2	2	1	1.0	1
chr3	58483200	58484000	2	2	1	1.0	1
chr3	60305200	60306200	2	2	1	1.0	1
chr3	60342200	60343200	2	2	1	1.0	1
chr3	62310400	62311200	2	2	1	1.0	1
chr3	65762000	65762600	2	2	1	1.0	1
chr3	75360200	75360800	2	2	1	1.0	1
chr3	78981000	78982200	3	3	1	1.0	1
chr3	79395800	79396400	2	2	1	1.0	1
chr3	80134400	80135400	2	2	1	1.0	1
chr3	80464800	80465200	2	2	1	1.0	1
chr3	87651400	87652800	3	3	1	1.0	1
chr3	87946400	87946600	2	2	1	1.0	1
chr3	88213800	88214400	2	2	1	1.0	1
chr3	88968800	88969200	2	2	1	1.0	1
chr3	89665800	89666800	2	2	1	1.0	1
chr3	90169400	90170200	2	2	1	1.0	1
chr3	90417000	90418000	2	2	1	1.0	1
chr3	92796000	92796400	2	2	1	1.0	1
chr3	94758200	94758800	2	2	1	1.0	1
chr3	94778600	94779200	2	2	1	1.0	1
chr3	94863800	94865200	3	3	1	1.0	1
chr3	94914400	94915000	2	2	1	1.0	1
chr3	95478000	95478600	2	2	1	1.0	1
chr3	95733400	95734200	2	2	1	1.0	1
chr3	96292400	96292600	2	2	1	1.0	1
chr3	96293800	96294200	2	2	1	1.0	1
chr3	96361400	96362000	2	2	1	1.0	1
chr3	100289200	100289600	2	2	1	1.0	1
chr3	100734400	100735400	2	2	1	1.0	1
chr3	101131200	101131800	2	2	1	1.0	1
chr3	101309800	101310800	2	2	1	1.0	1
chr3	101408400	101409200	2	2	1	1.0	1
chr3	103209800	103210400	2	2	1	1.0	1
chr3	103660600	103661200	2	2	1	1.0	1
chr3	103689400	103689800	2	2	1	1.0	1
chr3	103772000	103772400	2	2	1	1.0	1
chr3	103794400	103795400	2	2	1	1.0	1
chr3	105762000	105763400	3	3	1	1.0	1
chr3	106350000	106350800	2	2	1	1.0	1
chr3	107303600	107304200	2	2	1	1.0	1
chr3	108365000	108365400	2	2	1	1.0	1
chr3	108714200	108715000	2	2	1	1.0	1
chr3	112249000	112249800	2	2	1	1.0	1
chr3	116297600	116298600	2	2	1	1.0	1
chr3	121083400	121084400	2	2	1	1.0	1
chr3	126300200	126300800	2	2	1	1.0	1
chr3	129236200	129236800	2	2	1	1.0	1
chr3	132754400	132755200	2	2	1	1.0	1
chr3	135353600	135354400	2	2	1	1.0	1
chr3	141332400	141333200	2	2	1	1.0	1
chr3	144382800	144383600	2	2	1	1.0	1
chr3	151872800	151874200	3	3	1	1.0	1
chr3	153575000	153575600	2	2	1	1.0	1
chr3	159329800	159330600	2	2	1	1.0	1
chr2	3429800	3430600	2	2	1	1.0	1
chr2	4805400	4806200	2	2	1	1.0	1
chr2	6297800	6298600	2	2	1	1.0	1
chr2	6512800	6513400	2	2	1	1.0	1
chr2	11093400	11094800	3	3	1	1.0	1
chr2	11097000	11097800	2	2	1	1.0	1
chr2	11424600	11425200	2	2	1	1.0	1
chr2	12018200	12019200	2	2	1	1.0	1
chr2	13496200	13497200	2	2	1	1.0	1
chr2	14970600	14971000	2	2	1	1.0	1
chr2	21944000	21944600	2	2	1	1.0	1
chr2	24805200	24806000	2	2	1	1.0	1
chr2	25079800	25080800	2	2	1	1.0	1
chr2	26218800	26219800	2	2	1	1.0	1
chr2	26352400	26353200	2	2	1	1.0	1
chr2	27356800	27357200	2	2	1	1.0	1
chr2	28323600	28324600	2	2	1	1.0	1
chr2	29102800	29103400	2	2	1	1.0	1
chr2	29587200	29588000	2	2	1	1.0	1
chr2	30682800	30683800	2	2	1	1.0	1
chr2	30915600	30916600	2	2	1	1.0	1
chr2	31526200	31526600	2	2	1	1.0	1
chr2	31829400	31830200	2	2	1	1.0	1
chr2	32010400	32011200	2	2	1	1.0	1
chr2	32568600	32569600	2	2	1	1.0	1
chr2	32580400	32581000	2	2	1	1.0	1
chr2	33249800	33250800	2	2	1	1.0	1
chr2	34420800	34421400	2	2	1	1.0	1
chr2	34726400	34727000	2	2	1	1.0	1
chr2	35055800	35056400	2	2	1	1.0	1
chr2	35303200	35304000	2	2	1	1.0	1
chr2	35567600	35568400	2	2	1	1.0	1
chr2	38539000	38539800	2	2	1	1.0	1
chr2	38863200	38864200	2	2	1	1.0	1
chr2	43873000	43873400	2	2	1	1.0	1
chr2	50071400	50072000	2	2	1	1.0	1
chr2	58999000	58999600	2	2	1	1.0	1
chr2	60460600	60461200	2	2	1	1.0	1
chr2	67781200	67782200	2	2	1	1.0	1
chr2	69735200	69735600	2	2	1	1.0	1
chr2	70663000	70664000	3	3	1	1.0	1
chr2	71204800	71205600	2	2	1	1.0	1
chr2	72817600	72818400	2	2	1	1.0	1
chr2	72869200	72870000	2	2	1	1.0	1
chr2	73285000	73285400	2	2	1	1.0	1
chr2	73748600	73749400	2	2	1	1.0	1
chr2	75496200	75496800	2	2	1	1.0	1
chr2	75542400	75543400	3	3	1	1.0	1
chr2	75670200	75670800	2	2	1	1.0	1
chr2	77783600	77784000	2	2	1	1.0	1
chr2	83618200	83619000	2	2	1	1.0	1
chr2	84554800	84555600	2	2	1	1.0	1
chr2	84691600	84692000	2	2	1	1.0	1
chr2	91259800	91260400	2	2	1	1.0	1
chr2	91366800	91367400	3	3	1	1.0	1
chr2	92262000	92262800	2	2	1	1.0	1
chr2	98503000	98504200	3	3	1	1.0	1
chr2	98506600	98507400	2	2	1	1.0	1
chr2	103235000	103236000	2	2	1	1.0	1
chr2	103446000	103446600	2	2	1	1.0	1
chr2	103497800	103498600	2	2	1	1.0	1
chr2	103499400	103500400	2	2	1	1.0	1
chr2	103533400	103534200	2	2	1	1.0	1
chr2	103595000	103595600	2	2	1	1.0	1
chr2	108952800	108953400	2	2	1	1.0	1
chr2	118982000	118982600	2	2	1	1.0	1
chr2	121096600	121097600	2	2	1	1.0	1
chr2	121239200	121240200	3	3	1	1.0	1
chr2	121367000	121367600	2	2	1	1.0	1
chr2	121973400	121974000	2	2	1	1.0	1
chr2	126500400	126501000	2	2	1	1.0	1
chr2	126642800	126643600	2	2	1	1.0	1
chr2	127139400	127140800	3	3	1	1.0	1
chr2	132089200	132090600	4	4	1	1.0	1
chr2	133890400	133890800	2	2	1	1.0	1
chr2	143639200	143639600	2	2	1	1.0	1
chr2	144381400	144381800	2	2	1	1.0	1
chr2	154543600	154544400	2	2	1	1.0	1
chr2	154959200	154959600	2	2	1	1.0	1
chr2	155159000	155160000	2	2	1	1.0	1
chr2	156373400	156373800	2	2	1	1.0	1
chr2	156396400	156397200	2	2	1	1.0	1
chr2	157028600	157029200	2	2	1	1.0	1
chr2	158036000	158036600	2	2	1	1.0	1
chr2	158548200	158548600	2	2	1	1.0	1
chr2	160471400	160472200	2	2	1	1.0	1
chr2	161984200	161985000	2	2	1	1.0	1
chr2	163428400	163429400	2	2	1	1.0	1
chr2	165781200	165782200	2	2	1	1.0	1
chr2	166491000	166491800	2	2	1	1.0	1
chr2	166731600	166732600	2	2	1	1.0	1
chr2	166887600	166888600	2	2	1	1.0	1
chr2	167455000	167456000	2	2	1	1.0	1
chr2	167784400	167785000	2	2	1	1.0	1
chr2	167958800	167959600	2	2	1	1.0	1
chr2	168013200	168013800	2	2	1	1.0	1
chr2	168055400	168056200	2	2	1	1.0	1
chr2	168414200	168415000	2	2	1	1.0	1
chr2	169640000	169640800	2	2	1	1.0	1
chr2	170010400	170011200	2	2	1	1.0	1
chr2	172196400	172197000	2	2	1	1.0	1
chr2	172825800	172826400	2	2	1	1.0	1
chr2	173262400	173262800	2	2	1	1.0	1
chr2	174344400	174345400	2	2	1	1.0	1
chr2	179776600	179777200	2	2	1	1.0	1
chr2	180323400	180324400	3	3	1	1.0	1
chr2	180401800	180403200	3	3	1	1.0	1
chr2	180460400	180461400	2	2	1	1.0	1
chr2	180475000	180475600	2	2	1	1.0	1
chr2	180922000	180922600	2	2	1	1.0	1
chr1	4227600	4228400	2	2	1	1.0	1
chr1	5073200	5073800	2	2	1	1.0	1
chr1	6977400	6978400	2	2	1	1.0	1
chr1	9737200	9738200	2	2	1	1.0	1
chr1	28400400	28401200	2	2	1	1.0	1
chr1	34906800	34907800	2	2	1	1.0	1
chr1	35556600	35557400	2	2	1	1.0	1
chr1	36501600	36502000	2	2	1	1.0	1
chr1	36766000	36766600	2	2	1	1.0	1
chr1	36818600	36819400	2	2	1	1.0	1
chr1	36821600	36822200	2	2	1	1.0	1
chr1	39383400	39383800	2	2	1	1.0	1
chr1	39957400	39958400	3	3	1	1.0	1
chr1	42956200	42957000	2	2	1	1.0	1
chr1	43619600	43620400	2	2	1	1.0	1
chr1	46142800	46143600	3	3	1	1.0	1
chr1	52108600	52109400	2	2	1	1.0	1
chr1	52527800	52528600	2	2	1	1.0	1
chr1	54982000	54983000	2	2	1	1.0	1
chr1	55463200	55463800	2	2	1	1.0	1
chr1	58359200	58360200	2	2	1	1.0	1
chr1	59292800	59293800	2	2	1	1.0	1
chr1	59727400	59728400	2	2	1	1.0	1
chr1	59969200	59970200	2	2	1	1.0	1
chr1	63160000	63160600	2	2	1	1.0	1
chr1	64578800	64579800	2	2	1	1.0	1
chr1	71147000	71147800	2	2	1	1.0	1
chr1	74050000	74051000	2	2	1	1.0	1
chr1	74087800	74088800	2	2	1	1.0	1
chr1	79668200	79668600	2	2	1	1.0	1
chr1	79753200	79754000	2	2	1	1.0	1
chr1	87583200	87584000	2	2	1	1.0	1
chr1	87734600	87735400	2	2	1	1.0	1
chr1	88422000	88422600	2	2	1	1.0	1
chr1	90149600	90150000	2	2	1	1.0	1
chr1	90173200	90173600	2	2	1	1.0	1
chr1	90528000	90528600	2	2	1	1.0	1
chr1	90625200	90625800	2	2	1	1.0	1
chr1	92952400	92953800	3	3	1	1.0	1
chr1	94370000	94370400	2	2	1	1.0	1
chr1	95948800	95949200	2	2	1	1.0	1
chr1	99159400	99159800	2	2	1	1.0	1
chr1	99557200	99557600	2	2	1	1.0	1
chr1	105021400	105022400	2	2	1	1.0	1
chr1	123236400	123237200	2	2	1	1.0	1
chr1	133084800	133085600	2	2	1	1.0	1
chr1	135028000	135029000	2	2	1	1.0	1
chr1	136258400	136259000	2	2	1	1.0	1
chr1	138054400	138055400	2	2	1	1.0	1
chr1	140200400	140201600	3	3	1	1.0	1
chr1	140879800	140880600	2	2	1	1.0	1
chr1	145629200	145629600	2	2	1	1.0	1
chr1	153319400	153320200	2	2	1	1.0	1
chr1	154748800	154749600	2	2	1	1.0	1
chr1	156945800	156946400	2	2	1	1.0	1
chr1	157452200	157452600	2	2	1	1.0	1
chr1	157881800	157882400	2	2	1	1.0	1
chr1	158585800	158586600	2	2	1	1.0	1
chr1	161954800	161956200	3	3	1	1.0	1
chr1	167389800	167391200	3	3	1	1.0	1
chr1	167789400	167791800	6	6	1	1.0	1
chr1	169637000	169637800	2	2	1	1.0	1
chr1	173079000	173080400	3	3	1	1.0	1
chr1	173570000	173571000	2	2	1	1.0	1
chr1	173847800	173848400	2	2	1	1.0	1
chr1	175810200	175810800	2	2	1	1.0	1
chr1	178744600	178745400	2	2	1	1.0	1
chr1	182317000	182318000	2	2	1	1.0	1
chr1	182697200	182697600	2	2	1	1.0	1
chr1	183673400	183673800	2	2	1	1.0	1
chr1	183772400	183773000	2	2	1	1.0	1
chr1	196657800	196658200	2	2	1	1.0	1
chr9	3000400	3005200	11	11	1	1.0	1
chr9	3007600	3010200	5	5	1	1.0	1
chr9	3013200	3013600	3	3	1	1.0	1
chr9	3022400	3024600	4	4	1	1.0	1
chr9	3033200	3034000	3	3	1	1.0	1
chr9	3035000	3035600	2	2	1	1.0	1
chr9	3037000	3037400	2	2	1	1.0	1
chr9	6987600	6988400	2	2	1	1.0	1
chr9	7183800	7185000	3	3	1	1.0	1
chr9	14184600	14185400	2	2	1	1.0	1
chr9	14712800	14713600	2	2	1	1.0	1
chr9	14832800	14833800	2	2	1	1.0	1
chr9	15110600	15111800	3	3	1	1.0	1
chr9	20820600	20821400	2	2	1	1.0	1
chr9	20912800	20913400	2	2	1	1.0	1
chr9	20951800	20952600	2	2	1	1.0	1
chr9	21420000	21421000	2	2	1	1.0	1
chr9	22675000	22675800	2	2	1	1.0	1
chr9	24955600	24956200	2	2	1	1.0	1
chr9	27584200	27584800	2	2	1	1.0	1
chr9	28052800	28053400	2	2	1	1.0	1
chr9	32324800	32325200	2	2	1	1.0	1
chr9	32347800	32348800	2	2	1	1.0	1
chr9	32504600	32505600	2	2	1	1.0	1
chr9	34924000	34924800	2	2	1	1.0	1
chr9	37463800	37464600	2	2	1	1.0	1
chr9	40880400	40881200	2	2	1	1.0	1
chr9	43841800	43842200	2	2	1	1.0	1
chr9	44333000	44334600	3	3	1	1.0	1
chr9	44340200	44341200	2	2	1	1.0	1
chr9	45696400	45697400	2	2	1	1.0	1
chr9	51021400	51022400	2	2	1	1.0	1
chr9	54494000	54494400	2	2	1	1.0	1
chr9	54997400	54998000	2	2	1	1.0	1
chr9	57108800	57110200	3	3	1	1.0	1
chr9	57789800	57790200	2	2	1	1.0	1
chr9	57792400	57793400	2	2	1	1.0	1
chr9	57815000	57815800	2	2	1	1.0	1
chr9	57839000	57840000	2	2	1	1.0	1
chr9	61624400	61625200	2	2	1	1.0	1
chr9	62190800	62191400	2	2	1	1.0	1
chr9	64880400	64881000	2	2	1	1.0	1
chr9	65325000	65326000	2	2	1	1.0	1
chr9	69137800	69138800	2	2	1	1.0	1
chr9	69152000	69152400	2	2	1	1.0	1
chr9	71021800	71022400	2	2	1	1.0	1
chr9	71333400	71334000	2	2	1	1.0	1
chr9	72961000	72961600	2	2	1	1.0	1
chr9	78403800	78404800	2	2	1	1.0	1
chr9	82723400	82724200	2	2	1	1.0	1
chr9	96496800	96497600	2	2	1	1.0	1
chr9	100445600	100446600	3	3	1	1.0	1
chr9	100544400	100545200	3	3	1	1.0	1
chr9	102528200	102528800	2	2	1	1.0	1
chr9	104106600	104107400	2	2	1	1.0	1
chr9	104974600	104975600	2	2	1	1.0	1
chr9	105297400	105298000	2	2	1	1.0	1
chr9	107626200	107627200	2	2	1	1.0	1
chr9	108392400	108393400	2	2	1	1.0	1
chr9	109778000	109778800	2	2	1	1.0	1
chr9	110547000	110548200	3	3	1	1.0	1
chr9	113983200	113983800	2	2	1	1.0	1
chr9	114352000	114352400	2	2	1	1.0	1
chr9	114690800	114691000	2	2	1	1.0	1
chr9	118795200	118796200	2	2	1	1.0	1
chr9	122774400	122775000	2	2	1	1.0	1
chr9	122894000	122894600	2	2	1	1.0	1
chr9	122926800	122927800	2	2	1	1.0	1
chr9	123007600	123008000	2	2	1	1.0	1
chr8	3516000	3516600	2	2	1	1.0	1
chr8	11612800	11613600	2	2	1	1.0	1
chr8	13339200	13340200	2	2	1	1.0	1
chr8	16817400	16818000	2	2	1	1.0	1
chr8	18625200	18626000	2	2	1	1.0	1
chr8	19777000	19778000	2	2	1	1.0	1
chr8	19878400	19879200	2	2	1	1.0	1
chr8	19926000	19927000	2	2	1	1.0	1
chr8	19963000	19963800	2	2	1	1.0	1
chr8	20019400	20020200	3	3	1	1.0	1
chr8	23693200	23694000	2	2	1	1.0	1
chr8	23704000	23704800	2	2	1	1.0	1
chr8	24746800	24747400	2	2	1	1.0	1
chr8	26711600	26712200	2	2	1	1.0	1
chr8	27573600	27574400	2	2	1	1.0	1
chr8	28087400	28088400	2	2	1	1.0	1
chr8	34494800	34495400	2	2	1	1.0	1
chr8	34671600	34672200	2	2	1	1.0	1
chr8	35204600	35205200	2	2	1	1.0	1
chr8	35871800	35872200	2	2	1	1.0	1
chr8	37180400	37181400	2	2	1	1.0	1
chr8	47237400	47237600	2	2	1	1.0	1
chr8	47825400	47826200	3	3	1	1.0	1
chr8	63863800	63864600	2	2	1	1.0	1
chr8	67470600	67471400	2	2	1	1.0	1
chr8	73125000	73126000	2	2	1	1.0	1
chr8	73223000	73224000	3	3	1	1.0	1
chr8	74744800	74745800	2	2	1	1.0	1
chr8	74845400	74846400	2	2	1	1.0	1
chr8	74854400	74855200	2	2	1	1.0	1
chr8	82235200	82235800	2	2	1	1.0	1
chr8	85907200	85908200	2	2	1	1.0	1
chr8	86132200	86132600	2	2	1	1.0	1
chr8	86264800	86265400	2	2	1	1.0	1
chr8	86589200	86589800	2	2	1	1.0	1
chr8	86726200	86726800	2	2	1	1.0	1
chr8	87184400	87185000	2	2	1	1.0	1
chr8	87185800	87186600	2	2	1	1.0	1
chr8	87500200	87501600	4	4	1	1.0	1
chr8	89408400	89409000	2	2	1	1.0	1
chr8	89914200	89915200	2	2	1	1.0	1
chr8	93595000	93595600	2	2	1	1.0	1
chr8	95697000	95697600	2	2	1	1.0	1
chr8	107704400	107705000	2	2	1	1.0	1
chr8	115638400	115639000	2	2	1	1.0	1
chr8	119445600	119446800	3	3	1	1.0	1
chr8	119948000	119948800	2	2	1	1.0	1
chr8	123535000	123536000	2	2	1	1.0	1
chr8	124540000	124540400	2	2	1	1.0	1
chr8	124822400	124823400	2	2	1	1.0	1
chr8	124998600	124999400	2	2	1	1.0	1
chr8	125897400	125898000	2	2	1	1.0	1
chr8	126766600	126767400	2	2	1	1.0	1
chr8	127242000	127242800	2	2	1	1.0	1
chr8	127245200	127245800	2	2	1	1.0	1
chr8	127386600	127387400	2	2	1	1.0	1
chr8	128126200	128127200	2	2	1	1.0	1
chr8	128953000	128954000	2	2	1	1.0	1
chr8	129116600	129117000	2	2	1	1.0	1
chr8	129371600	129372600	2	2	1	1.0	1
