chrY	2887400	2887600	2	0	8.664146418133848e-09	535.384052744	9.758304337223893e-07
chr13	23837800	23838000	2	0	8.664146418133848e-09	535.384052744	9.758304337223893e-07
chr13	51196600	51196800	2	0	8.664146418133848e-09	535.384052744	9.758304337223893e-07
chr13	55789200	55789400	2	0	8.664146418133848e-09	535.384052744	9.758304337223893e-07
chr13	63666800	63667000	2	0	8.664146418133848e-09	535.384052744	9.758304337223893e-07
chr12	4204000	4204200	2	0	8.664146418133848e-09	535.384052744	9.758304337223893e-07
chr12	4448600	4448800	2	0	8.664146418133848e-09	535.384052744	9.758304337223893e-07
chr12	60168200	60168400	2	0	8.664146418133848e-09	535.384052744	9.758304337223893e-07
chr10	5643600	5643800	2	0	8.664146418133848e-09	535.384052744	9.758304337223893e-07
chr10	78879600	78879800	2	0	8.664146418133848e-09	535.384052744	9.758304337223893e-07
chr10	117389000	117389200	2	0	8.664146418133848e-09	535.384052744	9.758304337223893e-07
chr17	6987400	6987600	2	0	8.664146418133848e-09	535.384052744	9.758304337223893e-07
chr17	24551000	24551200	2	0	8.664146418133848e-09	535.384052744	9.758304337223893e-07
chr16	30388400	30388600	2	0	8.664146418133848e-09	535.384052744	9.758304337223893e-07
chr16	47957200	47957400	2	0	8.664146418133848e-09	535.384052744	9.758304337223893e-07
chr15	93293000	93293200	2	0	8.664146418133848e-09	535.384052744	9.758304337223893e-07
chr14	103469600	103469800	2	0	8.664146418133848e-09	535.384052744	9.758304337223893e-07
chr19	27856200	27856400	2	0	8.664146418133848e-09	535.384052744	9.758304337223893e-07
chr18	60720400	60720600	2	0	8.664146418133848e-09	535.384052744	9.758304337223893e-07
chr18	76401200	76401400	2	0	8.664146418133848e-09	535.384052744	9.758304337223893e-07
chr7	80703200	80703400	2	0	8.664146418133848e-09	535.384052744	9.758304337223893e-07
chr6	128374600	128374800	2	0	8.664146418133848e-09	535.384052744	9.758304337223893e-07
chr5	106161400	106161600	2	0	8.664146418133848e-09	535.384052744	9.758304337223893e-07
chr5	124170600	124170800	2	0	8.664146418133848e-09	535.384052744	9.758304337223893e-07
chr4	108953200	108953400	2	0	8.664146418133848e-09	535.384052744	9.758304337223893e-07
chr3	9687200	9687400	2	0	8.664146418133848e-09	535.384052744	9.758304337223893e-07
chr2	23011600	23011800	2	0	8.664146418133848e-09	535.384052744	9.758304337223893e-07
chr1	43502800	43503000	2	0	8.664146418133848e-09	535.384052744	9.758304337223893e-07
chr1	182419000	182419200	2	0	8.664146418133848e-09	535.384052744	9.758304337223893e-07
chr1	185870800	185871000	2	0	8.664146418133848e-09	535.384052744	9.758304337223893e-07
chr9	20702200	20702400	2	0	8.664146418133848e-09	535.384052744	9.758304337223893e-07
chr9	105899400	105899600	2	0	8.664146418133848e-09	535.384052744	9.758304337223893e-07
chr9	107183400	107183600	2	0	8.664146418133848e-09	535.384052744	9.758304337223893e-07
chr8	83039400	83039600	2	0	8.664146418133848e-09	535.384052744	9.758304337223893e-07
